-0.999400 1.000000 1.000000 1.000000
-0.998200 1.000000 1.000000 1.000000
-0.997000 1.000000 1.000000 1.000000
-0.995800 1.000000 1.000000 1.000000
-0.994600 1.000000 1.000000 1.000000
-0.993400 1.000000 1.000000 1.000000
-0.992200 1.000000 1.000000 1.000000
-0.991000 1.000000 1.000000 1.000000
-0.989800 1.000000 1.000000 1.000000
-0.988600 1.000000 1.000000 1.000000
-0.987400 1.000000 1.000000 1.000000
-0.986200 1.000000 1.000000 1.000000
-0.985000 1.000000 1.000000 1.000000
-0.983800 1.000000 1.000000 1.000000
-0.982600 1.000000 1.000000 1.000000
-0.981400 1.000000 1.000000 1.000000
-0.980200 1.000000 1.000000 1.000000
-0.979000 1.000000 1.000000 1.000000
-0.977800 1.000000 1.000000 1.000000
-0.976600 1.000000 1.000000 1.000000
-0.975400 1.000000 1.000000 1.000000
-0.974200 1.000000 1.000000 1.000000
-0.973000 1.000000 1.000000 1.000000
-0.971800 1.000000 1.000000 1.000000
-0.970600 1.000000 1.000000 1.000000
-0.969400 1.000000 1.000000 1.000000
-0.968200 1.000000 1.000000 1.000000
-0.967000 1.000000 1.000000 1.000000
-0.965800 1.000000 1.000000 1.000000
-0.964600 1.000000 1.000000 1.000000
-0.963400 1.000000 1.000000 1.000000
-0.962200 1.000000 1.000000 1.000000
-0.961000 1.000000 1.000000 1.000000
-0.959800 1.000000 1.000000 1.000000
-0.958600 1.000000 1.000000 1.000000
-0.957400 1.000000 1.000000 1.000000
-0.956200 1.000000 1.000000 1.000000
-0.955000 1.000000 1.000000 1.000000
-0.953800 1.000000 1.000000 1.000000
-0.952600 1.000000 1.000000 1.000000
-0.951400 1.000000 1.000000 1.000000
-0.950200 1.000000 1.000000 1.000000
-0.949000 1.000000 1.000000 1.000000
-0.947800 1.000000 1.000000 1.000000
-0.946600 1.000000 1.000000 1.000000
-0.945400 1.000000 1.000000 1.000000
-0.944200 1.000000 1.000000 1.000000
-0.943000 1.000000 1.000000 1.000000
-0.941800 1.000000 1.000000 1.000000
-0.940600 1.000000 1.000000 1.000000
-0.939400 1.000000 1.000000 1.000000
-0.938200 1.000000 1.000000 1.000000
-0.937000 1.000000 1.000000 1.000000
-0.935800 1.000000 1.000000 1.000000
-0.934600 1.000000 1.000000 1.000000
-0.933400 1.000000 1.000000 1.000000
-0.932200 1.000000 1.000000 1.000000
-0.931000 1.000000 1.000000 1.000000
-0.929800 1.000000 1.000000 1.000000
-0.928600 1.000000 1.000000 1.000000
-0.927400 1.000000 1.000000 1.000000
-0.926200 1.000000 1.000000 1.000000
-0.925000 1.000000 1.000000 1.000000
-0.923800 1.000000 1.000000 1.000000
-0.922600 1.000000 1.000000 1.000000
-0.921400 1.000000 1.000000 1.000000
-0.920200 1.000000 1.000000 1.000000
-0.919000 1.000000 1.000000 1.000000
-0.917800 1.000000 1.000000 1.000000
-0.916600 1.000000 1.000000 1.000000
-0.915400 1.000000 1.000000 1.000000
-0.914200 1.000000 1.000000 1.000000
-0.913000 1.000000 1.000000 1.000000
-0.911800 1.000000 1.000000 1.000000
-0.910600 1.000000 1.000000 1.000000
-0.909400 1.000000 1.000000 1.000000
-0.908200 1.000000 1.000000 1.000000
-0.907000 1.000000 1.000000 1.000000
-0.905800 1.000000 1.000000 1.000000
-0.904600 1.000000 1.000000 1.000000
-0.903400 1.000000 1.000000 1.000000
-0.902200 1.000000 1.000000 1.000000
-0.901000 1.000000 1.000000 1.000000
-0.899800 1.000000 1.000000 1.000000
-0.898600 1.000000 1.000000 1.000000
-0.897400 1.000000 1.000000 1.000000
-0.896200 1.000000 1.000000 1.000000
-0.895000 1.000000 1.000000 1.000000
-0.893800 1.000000 1.000000 1.000000
-0.892600 1.000000 1.000000 1.000000
-0.891400 1.000000 1.000000 1.000000
-0.890200 1.000000 1.000000 1.000000
-0.889000 1.000000 1.000000 1.000000
-0.887800 1.000000 1.000000 1.000000
-0.886600 1.000000 1.000000 1.000000
-0.885400 1.000000 1.000000 1.000000
-0.884200 1.000000 1.000000 1.000000
-0.883000 1.000000 1.000000 1.000000
-0.881800 1.000000 1.000000 1.000000
-0.880600 1.000000 1.000000 1.000000
-0.879400 1.000000 1.000000 1.000000
-0.878200 1.000000 1.000000 1.000000
-0.877000 1.000000 1.000000 1.000000
-0.875800 1.000000 1.000000 1.000000
-0.874600 1.000000 1.000000 1.000000
-0.873400 1.000000 1.000000 1.000000
-0.872200 1.000000 1.000000 1.000000
-0.871000 1.000000 1.000000 1.000000
-0.869800 1.000000 1.000000 1.000000
-0.868600 1.000000 1.000000 1.000000
-0.867400 1.000000 1.000000 1.000000
-0.866200 1.000000 1.000000 1.000000
-0.865000 1.000000 1.000000 1.000000
-0.863800 1.000000 1.000000 1.000000
-0.862600 1.000000 1.000000 1.000000
-0.861400 1.000000 1.000000 1.000000
-0.860200 1.000000 1.000000 1.000000
-0.859000 1.000000 1.000000 1.000000
-0.857800 1.000000 1.000000 1.000000
-0.856600 1.000000 1.000000 1.000000
-0.855400 1.000000 1.000000 1.000000
-0.854200 1.000000 1.000000 1.000000
-0.853000 1.000000 1.000000 1.000000
-0.851800 1.000000 1.000000 1.000000
-0.850600 1.000000 1.000000 1.000000
-0.849400 1.000000 1.000000 1.000000
-0.848200 1.000000 1.000000 1.000000
-0.847000 1.000000 1.000000 1.000000
-0.845800 1.000000 1.000000 1.000000
-0.844600 1.000000 1.000000 1.000000
-0.843400 1.000000 1.000000 1.000000
-0.842200 1.000000 1.000000 1.000000
-0.841000 1.000000 1.000000 1.000000
-0.839800 1.000000 1.000000 1.000000
-0.838600 1.000000 1.000000 1.000000
-0.837400 1.000000 1.000000 1.000000
-0.836200 1.000000 1.000000 1.000000
-0.835000 1.000000 1.000000 1.000000
-0.833800 1.000000 1.000000 1.000000
-0.832600 1.000000 1.000000 1.000000
-0.831400 1.000000 1.000000 1.000000
-0.830200 1.000000 1.000000 1.000000
-0.829000 1.000000 1.000000 1.000000
-0.827800 1.000000 1.000000 1.000000
-0.826600 1.000000 1.000000 1.000000
-0.825400 1.000000 1.000000 1.000000
-0.824200 1.000000 1.000000 1.000000
-0.823000 1.000000 1.000000 1.000000
-0.821800 1.000000 1.000000 1.000000
-0.820600 1.000000 1.000000 1.000000
-0.819400 1.000000 1.000000 1.000000
-0.818200 1.000000 1.000000 1.000000
-0.817000 1.000000 1.000000 1.000000
-0.815800 1.000000 1.000000 1.000000
-0.814600 1.000000 1.000000 1.000000
-0.813400 1.000000 1.000000 1.000000
-0.812200 1.000000 1.000000 1.000000
-0.811000 1.000000 1.000000 1.000000
-0.809800 1.000000 1.000000 1.000000
-0.808600 1.000000 1.000000 1.000000
-0.807400 1.000000 1.000000 1.000000
-0.806200 1.000000 1.000000 1.000000
-0.805000 1.000000 1.000000 1.000000
-0.803800 1.000000 1.000000 1.000000
-0.802600 1.000000 1.000000 1.000000
-0.801400 1.000000 1.000000 1.000000
-0.800200 1.000000 1.000000 1.000000
-0.799000 1.000000 1.000000 1.000000
-0.797800 1.000000 1.000000 1.000000
-0.796600 1.000000 1.000000 1.000000
-0.795400 1.000000 1.000000 1.000000
-0.794200 1.000000 1.000000 1.000000
-0.793000 1.000000 1.000000 1.000000
-0.791800 1.000000 1.000000 1.000000
-0.790600 1.000000 1.000000 1.000000
-0.789400 1.000000 1.000000 1.000000
-0.788200 1.000000 1.000000 1.000000
-0.787000 1.000000 1.000000 1.000000
-0.785800 1.000000 1.000000 1.000000
-0.784600 1.000000 1.000000 1.000000
-0.783400 1.000000 1.000000 1.000000
-0.782200 1.000000 1.000000 1.000000
-0.781000 1.000000 1.000000 1.000000
-0.779800 1.000000 1.000000 1.000000
-0.778600 1.000000 1.000000 1.000000
-0.777400 1.000000 1.000000 1.000000
-0.776200 1.000000 1.000000 1.000000
-0.775000 1.000000 1.000000 1.000000
-0.773800 1.000000 1.000000 1.000000
-0.772600 1.000000 1.000000 1.000000
-0.771400 1.000000 1.000000 1.000000
-0.770200 1.000000 1.000000 1.000000
-0.769000 1.000000 1.000000 1.000000
-0.767800 1.000000 1.000000 1.000000
-0.766600 1.000000 1.000000 1.000000
-0.765400 1.000000 1.000000 1.000000
-0.764200 1.000000 1.000000 1.000000
-0.763000 1.000000 1.000000 1.000000
-0.761800 1.000000 1.000000 1.000000
-0.760600 1.000000 1.000000 1.000000
-0.759400 1.000000 1.000000 1.000000
-0.758200 1.000000 1.000000 1.000000
-0.757000 1.000000 1.000000 1.000000
-0.755800 1.000000 1.000000 1.000000
-0.754600 1.000000 1.000000 1.000000
-0.753400 1.000000 1.000000 1.000000
-0.752200 1.000000 1.000000 1.000000
-0.751000 1.000000 1.000000 1.000000
-0.749800 1.000000 1.000000 1.000000
-0.748600 1.000000 1.000000 1.000000
-0.747400 1.000000 1.000000 1.000000
-0.746200 1.000000 1.000000 1.000000
-0.745000 1.000000 1.000000 1.000000
-0.743800 1.000000 1.000000 1.000000
-0.742600 1.000000 1.000000 1.000000
-0.741400 1.000000 1.000000 1.000000
-0.740200 1.000000 1.000000 1.000000
-0.739000 1.000000 1.000000 1.000000
-0.737800 1.000000 1.000000 1.000000
-0.736600 1.000000 1.000000 1.000000
-0.735400 1.000000 1.000000 1.000000
-0.734200 1.000000 1.000000 1.000000
-0.733000 1.000000 1.000000 1.000000
-0.731800 1.000000 1.000000 1.000000
-0.730600 1.000000 1.000000 1.000000
-0.729400 1.000000 1.000000 1.000000
-0.728200 1.000000 1.000000 1.000000
-0.727000 1.000000 1.000000 1.000000
-0.725800 1.000000 1.000000 1.000000
-0.724600 1.000000 1.000000 1.000000
-0.723400 1.000000 1.000000 1.000000
-0.722200 1.000000 1.000000 1.000000
-0.721000 1.000000 1.000000 1.000000
-0.719800 1.000000 1.000000 1.000000
-0.718600 1.000000 1.000000 1.000000
-0.717400 1.000000 1.000000 1.000000
-0.716200 1.000000 1.000000 1.000000
-0.715000 1.000000 1.000000 1.000000
-0.713800 1.000000 1.000000 1.000000
-0.712600 1.000000 1.000000 1.000000
-0.711400 1.000000 1.000000 1.000000
-0.710200 1.000000 1.000000 1.000000
-0.709000 1.000000 1.000000 1.000000
-0.707800 1.000000 1.000000 1.000000
-0.706600 1.000000 1.000000 1.000000
-0.705400 1.000000 1.000000 1.000000
-0.704200 1.000000 1.000000 1.000000
-0.703000 1.000000 1.000000 1.000000
-0.701800 1.000000 1.000000 1.000000
-0.700600 1.000000 1.000000 1.000000
-0.699400 1.000000 1.000000 1.000000
-0.698200 1.000000 1.000000 1.000000
-0.697000 1.000000 1.000000 1.000000
-0.695800 1.000000 1.000000 1.000000
-0.694600 1.000000 1.000000 1.000000
-0.693400 1.000000 1.000000 1.000000
-0.692200 1.000000 1.000000 1.000000
-0.691000 1.000000 1.000000 1.000000
-0.689800 1.000000 1.000000 1.000000
-0.688600 1.000000 1.000000 1.000000
-0.687400 1.000000 1.000000 1.000000
-0.686200 1.000000 1.000000 1.000000
-0.685000 1.000000 1.000000 1.000000
-0.683800 1.000000 1.000000 1.000000
-0.682600 1.000000 1.000000 1.000000
-0.681400 1.000000 1.000000 1.000000
-0.680200 1.000000 1.000000 1.000000
-0.679000 1.000000 1.000000 1.000000
-0.677800 1.000000 1.000000 1.000000
-0.676600 1.000000 1.000000 1.000000
-0.675400 1.000000 1.000000 1.000000
-0.674200 1.000000 1.000000 1.000000
-0.673000 1.000000 1.000000 1.000000
-0.671800 1.000000 1.000000 1.000000
-0.670600 1.000000 1.000000 1.000000
-0.669400 1.000000 1.000000 1.000000
-0.668200 1.000000 1.000000 1.000000
-0.667000 1.000000 1.000000 1.000000
-0.665800 1.000000 1.000000 1.000000
-0.664600 1.000000 1.000000 1.000000
-0.663400 1.000000 1.000000 1.000000
-0.662200 1.000000 1.000000 1.000000
-0.661000 1.000000 1.000000 1.000000
-0.659800 1.000000 1.000000 1.000000
-0.658600 1.000000 1.000000 1.000000
-0.657400 1.000000 1.000000 1.000000
-0.656200 1.000000 1.000000 1.000000
-0.655000 1.000000 1.000000 1.000000
-0.653800 1.000000 1.000000 1.000000
-0.652600 1.000000 1.000000 1.000000
-0.651400 1.000000 1.000000 1.000000
-0.650200 1.000000 1.000000 1.000000
-0.649000 1.000000 1.000000 1.000000
-0.647800 1.000000 1.000000 1.000000
-0.646600 1.000000 1.000000 1.000000
-0.645400 1.000000 1.000000 1.000000
-0.644200 1.000000 1.000000 1.000000
-0.643000 1.000000 1.000000 1.000000
-0.641800 1.000000 1.000000 1.000000
-0.640600 1.000000 1.000000 1.000000
-0.639400 1.000000 1.000000 1.000000
-0.638200 1.000000 1.000000 1.000000
-0.637000 1.000000 1.000000 1.000000
-0.635800 1.000000 1.000000 1.000000
-0.634600 1.000000 1.000000 1.000000
-0.633400 1.000000 1.000000 1.000000
-0.632200 1.000000 1.000000 1.000000
-0.631000 1.000000 1.000000 1.000000
-0.629800 1.000000 1.000000 1.000000
-0.628600 1.000000 1.000000 1.000000
-0.627400 1.000000 1.000000 1.000000
-0.626200 1.000000 1.000000 1.000000
-0.625000 1.000000 1.000000 1.000000
-0.623800 1.000000 1.000000 1.000000
-0.622600 1.000000 1.000000 1.000000
-0.621400 1.000000 1.000000 1.000000
-0.620200 1.000000 1.000000 1.000000
-0.619000 1.000000 1.000000 1.000000
-0.617800 1.000000 1.000000 1.000000
-0.616600 1.000000 1.000000 1.000000
-0.615400 1.000000 1.000000 1.000000
-0.614200 1.000000 1.000000 1.000000
-0.613000 1.000000 1.000000 1.000000
-0.611800 1.000000 1.000000 1.000000
-0.610600 1.000000 1.000000 1.000000
-0.609400 1.000000 1.000000 1.000000
-0.608200 1.000000 1.000000 1.000000
-0.607000 1.000000 1.000000 1.000000
-0.605800 1.000000 1.000000 1.000000
-0.604600 1.000000 1.000000 1.000000
-0.603400 1.000000 1.000000 1.000000
-0.602200 1.000000 1.000000 1.000000
-0.601000 1.000000 1.000000 1.000000
-0.599800 1.000000 1.000000 1.000000
-0.598600 1.000000 1.000000 1.000000
-0.597400 1.000000 1.000000 1.000000
-0.596200 1.000000 1.000000 1.000000
-0.595000 1.000000 1.000000 1.000000
-0.593800 1.000000 1.000000 1.000000
-0.592600 1.000000 1.000000 1.000000
-0.591400 1.000000 1.000000 1.000000
-0.590200 1.000000 1.000000 1.000000
-0.589000 1.000000 1.000000 1.000000
-0.587800 1.000000 1.000000 1.000000
-0.586600 1.000000 1.000000 1.000000
-0.585400 1.000000 1.000000 1.000000
-0.584200 1.000000 1.000000 1.000000
-0.583000 1.000000 1.000000 1.000000
-0.581800 1.000000 1.000000 1.000000
-0.580600 1.000000 1.000000 1.000000
-0.579400 1.000000 1.000000 1.000000
-0.578200 1.000000 1.000000 1.000000
-0.577000 1.000000 1.000000 1.000000
-0.575800 1.000000 1.000000 1.000000
-0.574600 1.000000 1.000000 1.000000
-0.573400 1.000000 1.000000 1.000000
-0.572200 1.000000 1.000000 1.000000
-0.571000 1.000000 1.000000 1.000000
-0.569800 1.000000 1.000000 1.000000
-0.568600 1.000000 1.000000 1.000000
-0.567400 1.000000 1.000000 1.000000
-0.566200 1.000000 1.000000 1.000000
-0.565000 1.000000 1.000000 1.000000
-0.563800 1.000000 1.000000 1.000000
-0.562600 1.000000 1.000000 1.000000
-0.561400 1.000000 1.000000 1.000000
-0.560200 1.000000 1.000000 1.000000
-0.559000 1.000000 1.000000 1.000000
-0.557800 1.000000 1.000000 1.000000
-0.556600 1.000000 1.000000 1.000000
-0.555400 1.000000 1.000000 1.000000
-0.554200 1.000000 1.000000 1.000000
-0.553000 1.000000 1.000000 1.000000
-0.551800 1.000000 1.000000 1.000000
-0.550600 1.000000 1.000000 1.000000
-0.549400 1.000000 1.000000 1.000000
-0.548200 1.000000 1.000000 1.000000
-0.547000 1.000000 1.000000 1.000000
-0.545800 1.000000 1.000000 1.000000
-0.544600 1.000000 1.000000 1.000000
-0.543400 1.000000 1.000000 1.000000
-0.542200 1.000000 1.000000 1.000000
-0.541000 1.000000 1.000000 1.000000
-0.539800 1.000000 1.000000 1.000000
-0.538600 1.000000 1.000000 1.000000
-0.537400 1.000000 1.000000 1.000000
-0.536200 1.000000 1.000000 1.000000
-0.535000 1.000000 1.000000 1.000000
-0.533800 1.000000 1.000000 1.000000
-0.532600 1.000000 1.000000 1.000000
-0.531400 1.000000 1.000000 1.000000
-0.530200 1.000000 1.000000 1.000000
-0.529000 1.000000 1.000000 1.000000
-0.527800 1.000000 1.000000 1.000000
-0.526600 1.000000 1.000000 1.000000
-0.525400 1.000000 1.000000 1.000000
-0.524200 1.000000 1.000000 1.000000
-0.523000 1.000000 1.000000 1.000000
-0.521800 1.000000 1.000000 1.000000
-0.520600 1.000000 1.000000 1.000000
-0.519400 1.000000 1.000000 1.000000
-0.518200 1.000000 1.000000 1.000000
-0.517000 1.000000 1.000000 1.000000
-0.515800 1.000000 1.000000 1.000000
-0.514600 1.000000 1.000000 1.000000
-0.513400 1.000000 1.000000 1.000000
-0.512200 1.000000 1.000000 1.000000
-0.511000 1.000000 1.000000 1.000000
-0.509800 1.000000 1.000000 1.000000
-0.508600 1.000000 1.000000 1.000000
-0.507400 1.000000 1.000000 1.000000
-0.506200 1.000000 1.000000 1.000000
-0.505000 1.000000 1.000000 1.000000
-0.503800 1.000000 1.000000 1.000000
-0.502600 1.000000 1.000000 1.000000
-0.501400 1.000000 1.000000 1.000000
-0.500200 1.000000 1.000000 1.000000
-0.499000 1.000000 1.000000 1.000000
-0.497800 1.000000 1.000000 1.000000
-0.496600 1.000000 1.000000 1.000000
-0.495400 1.000000 1.000000 1.000000
-0.494200 1.000000 1.000000 1.000000
-0.493000 1.000000 1.000000 1.000000
-0.491800 1.000000 1.000000 1.000000
-0.490600 1.000000 1.000000 1.000000
-0.489400 1.000000 1.000000 1.000000
-0.488200 1.000000 1.000000 1.000000
-0.487000 1.000000 1.000000 1.000000
-0.485800 1.000000 1.000000 1.000000
-0.484600 1.000000 1.000000 1.000000
-0.483400 1.000000 1.000000 1.000000
-0.482200 1.000000 1.000000 1.000000
-0.481000 1.000000 1.000000 1.000000
-0.479800 1.000000 1.000000 1.000000
-0.478600 1.000000 1.000000 1.000000
-0.477400 1.000000 1.000000 1.000000
-0.476200 1.000000 1.000000 1.000000
-0.475000 1.000000 1.000000 1.000000
-0.473800 1.000000 1.000000 1.000000
-0.472600 1.000000 1.000000 1.000000
-0.471400 1.000000 1.000000 1.000000
-0.470200 1.000000 1.000000 1.000000
-0.469000 1.000000 1.000000 1.000000
-0.467800 1.000000 1.000000 1.000000
-0.466600 1.000000 1.000000 1.000000
-0.465400 1.000000 1.000000 1.000000
-0.464200 1.000000 1.000000 1.000000
-0.463000 1.000000 1.000000 1.000000
-0.461800 1.000000 1.000000 1.000000
-0.460600 1.000000 1.000000 1.000000
-0.459400 1.000000 1.000000 1.000000
-0.458200 1.000000 1.000000 1.000000
-0.457000 1.000000 1.000000 1.000000
-0.455800 1.000000 1.000000 1.000000
-0.454600 1.000000 1.000000 1.000000
-0.453400 1.000000 1.000000 1.000000
-0.452200 1.000000 1.000000 1.000000
-0.451000 1.000000 1.000000 1.000000
-0.449800 1.000000 1.000000 1.000000
-0.448600 1.000000 1.000000 1.000000
-0.447400 1.000000 1.000000 1.000000
-0.446200 1.000000 1.000000 1.000000
-0.445000 1.000000 1.000000 1.000000
-0.443800 1.000000 1.000000 1.000000
-0.442600 1.000000 1.000000 1.000000
-0.441400 1.000000 1.000000 1.000000
-0.440200 1.000000 1.000000 1.000000
-0.439000 1.000000 1.000000 1.000000
-0.437800 1.000000 1.000000 1.000000
-0.436600 1.000000 1.000000 1.000000
-0.435400 1.000000 1.000000 1.000000
-0.434200 1.000000 1.000000 1.000000
-0.433000 1.000000 1.000000 1.000000
-0.431800 1.000000 1.000000 1.000000
-0.430600 1.000000 1.000000 1.000000
-0.429400 1.000000 1.000000 1.000000
-0.428200 1.000000 1.000000 1.000000
-0.427000 1.000000 1.000000 1.000000
-0.425800 1.000000 1.000000 1.000000
-0.424600 1.000000 1.000000 1.000000
-0.423400 1.000000 1.000000 1.000000
-0.422200 1.000000 1.000000 1.000000
-0.421000 1.000000 1.000000 1.000000
-0.419800 1.000000 1.000000 1.000000
-0.418600 1.000000 1.000000 1.000000
-0.417400 1.000000 1.000000 1.000000
-0.416200 1.000000 1.000000 1.000000
-0.415000 1.000000 1.000000 1.000000
-0.413800 1.000000 1.000000 1.000000
-0.412600 1.000000 1.000000 1.000000
-0.411400 1.000000 1.000000 1.000000
-0.410200 1.000000 1.000000 1.000000
-0.409000 1.000000 1.000000 1.000000
-0.407800 1.000000 1.000000 1.000000
-0.406600 1.000000 1.000000 1.000000
-0.405400 1.000000 1.000000 1.000000
-0.404200 1.000000 1.000000 1.000000
-0.403000 1.000000 1.000000 1.000000
-0.401800 1.000000 1.000000 1.000000
-0.400600 1.000000 1.000000 1.000000
-0.399400 1.000000 1.000000 1.000000
-0.398200 1.000000 1.000000 1.000000
-0.397000 1.000000 1.000000 1.000000
-0.395800 1.000000 1.000000 1.000000
-0.394600 1.000000 1.000000 1.000000
-0.393400 1.000000 1.000000 1.000000
-0.392200 1.000000 1.000000 1.000000
-0.391000 1.000000 1.000000 1.000000
-0.389800 1.000000 1.000000 1.000000
-0.388600 1.000000 1.000000 1.000000
-0.387400 1.000000 1.000000 1.000000
-0.386200 1.000000 1.000000 1.000000
-0.385000 1.000000 1.000000 1.000000
-0.383800 1.000000 1.000000 1.000000
-0.382600 1.000000 1.000000 1.000000
-0.381400 1.000000 1.000000 1.000000
-0.380200 1.000000 1.000000 1.000000
-0.379000 1.000000 1.000000 1.000000
-0.377800 1.000000 1.000000 1.000000
-0.376600 1.000000 1.000000 1.000000
-0.375400 1.000000 1.000000 1.000000
-0.374200 1.000000 1.000000 1.000000
-0.373000 1.000000 1.000000 1.000000
-0.371800 1.000000 1.000000 1.000000
-0.370600 1.000000 1.000000 1.000000
-0.369400 1.000000 1.000000 1.000000
-0.368200 1.000000 1.000000 1.000000
-0.367000 1.000000 1.000000 1.000000
-0.365800 1.000000 1.000000 1.000000
-0.364600 1.000000 1.000000 1.000000
-0.363400 1.000000 1.000000 1.000000
-0.362200 1.000000 1.000000 1.000000
-0.361000 1.000000 1.000000 1.000000
-0.359800 1.000000 1.000000 1.000000
-0.358600 1.000000 1.000000 1.000000
-0.357400 1.000000 1.000000 1.000000
-0.356200 1.000000 1.000000 1.000000
-0.355000 1.000000 1.000000 1.000000
-0.353800 1.000000 1.000000 1.000000
-0.352600 1.000000 1.000000 1.000000
-0.351400 1.000000 1.000000 1.000000
-0.350200 1.000000 1.000000 1.000000
-0.349000 1.000000 1.000000 1.000000
-0.347800 1.000000 1.000000 1.000000
-0.346600 1.000000 1.000000 1.000000
-0.345400 1.000000 1.000000 1.000000
-0.344200 1.000000 1.000000 1.000000
-0.343000 1.000000 1.000000 1.000000
-0.341800 1.000000 1.000000 1.000000
-0.340600 1.000000 1.000000 1.000000
-0.339400 1.000000 1.000000 1.000000
-0.338200 1.000000 1.000000 1.000000
-0.337000 1.000000 1.000000 1.000000
-0.335800 1.000000 1.000000 1.000000
-0.334600 1.000000 1.000000 1.000000
-0.333400 1.000000 1.000000 1.000000
-0.332200 1.000000 1.000000 1.000000
-0.331000 1.000000 1.000000 1.000000
-0.329800 1.000000 1.000000 1.000000
-0.328600 1.000000 1.000000 1.000000
-0.327400 1.000000 1.000000 1.000000
-0.326200 1.000000 1.000000 1.000000
-0.325000 1.000000 1.000000 1.000000
-0.323800 1.000000 1.000000 1.000000
-0.322600 1.000000 1.000000 1.000000
-0.321400 1.000000 1.000000 1.000000
-0.320200 1.000000 1.000000 1.000000
-0.319000 1.000000 1.000000 1.000000
-0.317800 1.000000 1.000000 1.000000
-0.316600 1.000000 1.000000 1.000000
-0.315400 1.000000 1.000000 1.000000
-0.314200 1.000000 1.000000 1.000000
-0.313000 1.000000 1.000000 1.000000
-0.311800 1.000000 1.000000 1.000000
-0.310600 1.000000 1.000000 1.000000
-0.309400 1.000000 1.000000 1.000000
-0.308200 1.000000 1.000000 1.000000
-0.307000 1.000000 1.000000 1.000000
-0.305800 1.000000 1.000000 1.000000
-0.304600 1.000000 1.000000 1.000000
-0.303400 1.000000 1.000000 1.000000
-0.302200 1.000000 1.000000 1.000000
-0.301000 1.000000 1.000000 1.000000
-0.299800 1.000000 1.000000 1.000000
-0.298600 1.000000 1.000000 1.000000
-0.297400 1.000000 1.000000 1.000000
-0.296200 1.000000 1.000000 1.000000
-0.295000 1.000000 1.000000 1.000000
-0.293800 1.000000 1.000000 1.000000
-0.292600 1.000000 1.000000 1.000000
-0.291400 1.000000 1.000000 1.000000
-0.290200 1.000000 1.000000 1.000000
-0.289000 1.000000 1.000000 1.000000
-0.287800 1.000000 1.000000 1.000000
-0.286600 1.000000 1.000000 1.000000
-0.285400 1.000000 1.000000 1.000000
-0.284200 1.000000 1.000000 1.000000
-0.283000 1.000000 1.000000 1.000000
-0.281800 1.000000 1.000000 1.000000
-0.280600 1.000000 1.000000 1.000000
-0.279400 1.000000 1.000000 1.000000
-0.278200 1.000000 1.000000 1.000000
-0.277000 1.000000 1.000000 1.000000
-0.275800 1.000000 1.000000 1.000000
-0.274600 1.000000 1.000000 1.000000
-0.273400 1.000000 1.000000 1.000000
-0.272200 1.000000 1.000000 1.000000
-0.271000 1.000000 1.000000 1.000000
-0.269800 1.000000 1.000000 1.000000
-0.268600 1.000000 1.000000 1.000000
-0.267400 1.000000 1.000000 1.000000
-0.266200 1.000000 1.000000 1.000000
-0.265000 1.000000 1.000000 1.000000
-0.263800 1.000000 1.000000 1.000000
-0.262600 1.000000 1.000000 1.000000
-0.261400 1.000000 1.000000 1.000000
-0.260200 1.000000 1.000000 1.000000
-0.259000 1.000000 1.000000 1.000000
-0.257800 1.000000 1.000000 1.000000
-0.256600 1.000000 1.000000 1.000000
-0.255400 1.000000 1.000000 1.000000
-0.254200 1.000000 1.000000 1.000000
-0.253000 1.000000 1.000000 1.000000
-0.251800 1.000000 1.000000 1.000000
-0.250600 1.000000 1.000000 1.000000
-0.249400 1.000000 1.000000 1.000000
-0.248200 1.000000 1.000000 1.000000
-0.247000 1.000000 1.000000 1.000000
-0.245800 1.000000 1.000000 1.000000
-0.244600 1.000000 1.000000 1.000000
-0.243400 1.000000 1.000000 1.000000
-0.242200 1.000000 1.000000 1.000000
-0.241000 1.000000 1.000000 1.000000
-0.239800 1.000000 1.000000 1.000000
-0.238600 1.000000 1.000000 1.000000
-0.237400 1.000000 1.000000 1.000000
-0.236200 1.000000 1.000000 1.000000
-0.235000 1.000000 1.000000 1.000000
-0.233800 1.000000 1.000000 1.000000
-0.232600 1.000000 1.000000 1.000000
-0.231400 1.000000 1.000000 1.000000
-0.230200 1.000000 1.000000 1.000000
-0.229000 1.000000 1.000000 1.000000
-0.227800 1.000000 1.000000 1.000000
-0.226600 1.000000 1.000000 1.000000
-0.225400 1.000000 1.000000 1.000000
-0.224200 1.000000 1.000000 1.000000
-0.223000 1.000000 1.000000 1.000000
-0.221800 1.000000 1.000000 1.000000
-0.220600 1.000000 1.000000 1.000000
-0.219400 1.000000 1.000000 1.000000
-0.218200 1.000000 1.000000 1.000000
-0.217000 1.000000 1.000000 1.000000
-0.215800 1.000000 1.000000 1.000000
-0.214600 1.000000 1.000000 1.000000
-0.213400 1.000000 1.000000 1.000000
-0.212200 1.000000 1.000000 1.000000
-0.211000 1.000000 1.000000 1.000000
-0.209800 1.000000 1.000000 1.000000
-0.208600 1.000000 1.000000 1.000000
-0.207400 1.000000 1.000000 1.000000
-0.206200 1.000000 1.000000 1.000000
-0.205000 1.000000 1.000000 1.000000
-0.203800 1.000000 1.000000 1.000000
-0.202600 1.000000 1.000000 1.000000
-0.201400 1.000000 1.000000 1.000000
-0.200200 1.000000 1.000000 1.000000
-0.199000 1.000000 1.000000 1.000000
-0.197800 1.000000 1.000000 1.000000
-0.196600 1.000000 1.000000 1.000000
-0.195400 1.000000 1.000000 1.000000
-0.194200 1.000000 1.000000 1.000000
-0.193000 1.000000 1.000000 1.000000
-0.191800 1.000000 1.000000 1.000000
-0.190600 1.000000 1.000000 1.000000
-0.189400 1.000000 1.000000 1.000000
-0.188200 1.000000 1.000000 1.000000
-0.187000 1.000000 1.000000 1.000000
-0.185800 1.000000 1.000000 1.000000
-0.184600 1.000000 1.000000 1.000000
-0.183400 1.000000 1.000000 1.000000
-0.182200 1.000000 1.000000 1.000000
-0.181000 1.000000 1.000000 1.000000
-0.179800 1.000000 1.000000 1.000000
-0.178600 1.000000 1.000000 1.000000
-0.177400 1.000000 1.000000 1.000000
-0.176200 1.000000 1.000000 1.000000
-0.175000 1.000000 1.000000 1.000000
-0.173800 1.000000 1.000000 1.000000
-0.172600 1.000000 1.000000 1.000000
-0.171400 1.000000 1.000000 1.000000
-0.170200 1.000000 1.000000 1.000000
-0.169000 1.000000 1.000000 1.000000
-0.167800 1.000000 1.000000 1.000000
-0.166600 1.000000 1.000000 1.000000
-0.165400 1.000000 1.000000 1.000000
-0.164200 1.000000 1.000000 1.000000
-0.163000 1.000000 1.000000 1.000000
-0.161800 1.000000 1.000000 1.000000
-0.160600 1.000000 1.000000 1.000000
-0.159400 1.000000 1.000000 1.000000
-0.158200 1.000000 1.000000 1.000000
-0.157000 1.000000 1.000000 1.000000
-0.155800 1.000000 1.000000 1.000000
-0.154600 1.000000 1.000000 1.000000
-0.153400 1.000000 1.000000 1.000000
-0.152200 1.000000 1.000000 1.000000
-0.151000 1.000000 1.000000 1.000000
-0.149800 1.000000 1.000000 1.000000
-0.148600 1.000000 1.000000 1.000000
-0.147400 1.000000 1.000000 1.000000
-0.146200 1.000000 1.000000 1.000000
-0.145000 1.000000 1.000000 1.000000
-0.143800 1.000000 1.000000 1.000000
-0.142600 1.000000 1.000000 1.000000
-0.141400 1.000000 1.000000 1.000000
-0.140200 1.000000 1.000000 1.000000
-0.139000 1.000000 1.000000 1.000000
-0.137800 1.000000 1.000000 1.000000
-0.136600 1.000000 1.000000 1.000000
-0.135400 1.000000 1.000000 1.000000
-0.134200 1.000000 1.000000 1.000000
-0.133000 1.000000 1.000000 1.000000
-0.131800 1.000000 1.000000 1.000000
-0.130600 1.000000 1.000000 1.000000
-0.129400 1.000000 1.000000 1.000000
-0.128200 1.000000 1.000000 1.000000
-0.127000 1.000000 1.000000 1.000000
-0.125800 1.000000 1.000000 1.000000
-0.124600 1.000000 1.000000 1.000000
-0.123400 1.000000 1.000000 1.000000
-0.122200 1.000000 1.000000 1.000000
-0.121000 1.000000 1.000000 1.000000
-0.119800 1.000000 1.000000 1.000000
-0.118600 1.000000 1.000000 1.000000
-0.117400 1.000000 1.000000 1.000000
-0.116200 1.000000 1.000000 1.000000
-0.115000 1.000000 1.000000 1.000000
-0.113800 1.000000 1.000000 1.000000
-0.112600 1.000000 1.000000 1.000000
-0.111400 1.000000 1.000000 1.000000
-0.110200 1.000000 1.000000 1.000000
-0.109000 1.000000 1.000000 1.000000
-0.107800 1.000000 1.000000 1.000000
-0.106600 1.000000 1.000000 1.000000
-0.105400 1.000000 1.000000 1.000000
-0.104200 1.000000 1.000000 1.000000
-0.103000 1.000000 1.000000 1.000000
-0.101800 1.000000 1.000000 1.000000
-0.100600 1.000000 1.000000 1.000000
-0.099400 1.000000 1.000000 1.000000
-0.098200 1.000000 1.000000 1.000000
-0.097000 1.000000 1.000000 1.000000
-0.095800 1.000000 1.000000 1.000000
-0.094600 1.000000 1.000000 1.000000
-0.093400 1.000000 1.000000 1.000000
-0.092200 1.000000 1.000000 1.000000
-0.091000 1.000000 1.000000 1.000000
-0.089800 1.000000 1.000000 1.000000
-0.088600 1.000000 1.000000 1.000000
-0.087400 1.000000 1.000000 1.000000
-0.086200 1.000000 1.000000 1.000000
-0.085000 1.000000 1.000000 1.000000
-0.083800 1.000000 1.000000 1.000000
-0.082600 1.000000 1.000000 1.000000
-0.081400 1.000000 1.000000 1.000000
-0.080200 1.000000 1.000000 1.000000
-0.079000 1.000000 1.000000 1.000000
-0.077800 1.000000 1.000000 1.000000
-0.076600 1.000000 1.000000 1.000000
-0.075400 1.000000 1.000000 1.000000
-0.074200 1.000000 1.000000 1.000000
-0.073000 1.000000 1.000000 1.000000
-0.071800 1.000000 1.000000 1.000000
-0.070600 1.000000 1.000000 1.000000
-0.069400 1.000000 1.000000 1.000000
-0.068200 1.000000 1.000000 1.000000
-0.067000 1.000000 1.000000 1.000000
-0.065800 1.000000 1.000000 1.000000
-0.064600 1.000000 1.000000 1.000000
-0.063400 1.000000 1.000000 1.000000
-0.062200 1.000000 1.000000 1.000000
-0.061000 1.000000 1.000000 1.000000
-0.059800 1.000000 1.000000 1.000000
-0.058600 1.000000 1.000000 1.000000
-0.057400 1.000000 1.000000 1.000000
-0.056200 1.000000 1.000000 1.000000
-0.055000 1.000000 1.000000 1.000000
-0.053800 1.000000 1.000000 1.000000
-0.052600 1.000000 1.000000 1.000000
-0.051400 1.000000 1.000000 1.000000
-0.050200 1.000000 1.000000 1.000000
-0.049000 1.000000 1.000000 1.000000
-0.047800 1.000000 1.000000 1.000000
-0.046600 1.000000 1.000000 1.000000
-0.045400 1.000000 1.000000 1.000000
-0.044200 1.000000 1.000000 1.000000
-0.043000 1.000000 1.000000 1.000000
-0.041800 1.000000 1.000000 1.000000
-0.040600 1.000000 1.000000 1.000000
-0.039400 1.000000 1.000000 1.000000
-0.038200 1.000000 1.000000 1.000000
-0.037000 1.000000 1.000000 1.000000
-0.035800 1.000000 1.000000 1.000000
-0.034600 1.000000 1.000000 1.000000
-0.033400 1.000000 1.000000 1.000000
-0.032200 1.000000 1.000000 1.000000
-0.031000 1.000000 1.000000 1.000000
-0.029800 1.000000 1.000000 1.000000
-0.028600 1.000000 1.000000 1.000000
-0.027400 1.000000 1.000000 1.000000
-0.026200 1.000000 1.000000 1.000000
-0.025000 1.000000 1.000000 1.000000
-0.023800 1.000000 1.000000 1.000000
-0.022600 1.000000 1.000000 1.000000
-0.021400 1.000000 1.000000 1.000000
-0.020200 1.000000 1.000000 1.000000
-0.019000 1.000000 1.000000 1.000000
-0.017800 1.000000 1.000000 1.000000
-0.016600 1.000000 1.000000 1.000000
-0.015400 1.000000 1.000000 1.000000
-0.014200 1.000000 1.000000 1.000000
-0.013000 1.000000 1.000000 1.000000
-0.011800 1.000000 1.000000 1.000000
-0.010600 1.000000 1.000000 1.000000
-0.009400 1.000000 1.000000 1.000000
-0.008200 1.000000 1.000000 1.000000
-0.007000 1.000000 1.000000 1.000000
-0.005800 1.000000 1.000000 1.000000
-0.004600 1.000000 1.000000 1.000000
-0.003400 1.000000 1.000000 1.000000
-0.002200 1.000000 1.000000 1.000000
-0.001000 1.000000 1.000000 1.000000
0.000200 1.000000 1.000000 0.999800
0.001400 1.000000 1.000000 0.998600
0.002600 1.000000 1.000000 0.997400
0.003800 1.000000 1.000000 0.996200
0.005000 1.000000 1.000000 0.995000
0.006200 1.000000 1.000000 0.993800
0.007400 1.000000 1.000000 0.992600
0.008600 1.000000 1.000000 0.991400
0.009800 1.000000 1.000000 0.990200
0.011000 1.000000 1.000000 0.989000
0.012200 1.000000 1.000000 0.987800
0.013400 1.000000 1.000000 0.986600
0.014600 1.000000 1.000000 0.985400
0.015800 1.000000 1.000000 0.984200
0.017000 1.000000 1.000000 0.983000
0.018200 1.000000 1.000000 0.981800
0.019400 1.000000 1.000000 0.980600
0.020600 1.000000 1.000000 0.979400
0.021800 1.000000 1.000000 0.978200
0.023000 1.000000 1.000000 0.977000
0.024200 1.000000 1.000000 0.975800
0.025400 1.000000 1.000000 0.974600
0.026600 1.000000 1.000000 0.973400
0.027800 1.000000 1.000000 0.972200
0.029000 1.000000 1.000000 0.971000
0.030200 1.000000 1.000000 0.969800
0.031400 1.000000 1.000000 0.968600
0.032600 1.000000 1.000000 0.967400
0.033800 1.000000 1.000000 0.966200
0.035000 1.000000 1.000000 0.965000
0.036200 1.000000 1.000000 0.963800
0.037400 1.000000 1.000000 0.962600
0.038600 1.000000 1.000000 0.961400
0.039800 1.000000 1.000000 0.960200
0.041000 1.000000 1.000000 0.959000
0.042200 1.000000 1.000000 0.957800
0.043400 1.000000 1.000000 0.956600
0.044600 1.000000 1.000000 0.955400
0.045800 1.000000 1.000000 0.954200
0.047000 1.000000 1.000000 0.953000
0.048200 1.000000 1.000000 0.951800
0.049400 1.000000 1.000000 0.950600
0.050600 1.000000 1.000000 0.949400
0.051800 1.000000 1.000000 0.948200
0.053000 1.000000 1.000000 0.947000
0.054200 1.000000 1.000000 0.945800
0.055400 1.000000 1.000000 0.944600
0.056600 1.000000 1.000000 0.943400
0.057800 1.000000 1.000000 0.942200
0.059000 1.000000 1.000000 0.941000
0.060200 1.000000 1.000000 0.939800
0.061400 1.000000 1.000000 0.938600
0.062600 1.000000 1.000000 0.937400
0.063800 1.000000 1.000000 0.936200
0.065000 1.000000 1.000000 0.935000
0.066200 1.000000 1.000000 0.933800
0.067400 1.000000 1.000000 0.932600
0.068600 1.000000 1.000000 0.931400
0.069800 1.000000 1.000000 0.930200
0.071000 1.000000 1.000000 0.929000
0.072200 1.000000 1.000000 0.927800
0.073400 1.000000 1.000000 0.926600
0.074600 1.000000 1.000000 0.925400
0.075800 1.000000 1.000000 0.924200
0.077000 1.000000 1.000000 0.923000
0.078200 1.000000 1.000000 0.921800
0.079400 1.000000 1.000000 0.920600
0.080600 1.000000 1.000000 0.919400
0.081800 1.000000 1.000000 0.918200
0.083000 1.000000 1.000000 0.917000
0.084200 1.000000 1.000000 0.915800
0.085400 1.000000 1.000000 0.914600
0.086600 1.000000 1.000000 0.913400
0.087800 1.000000 1.000000 0.912200
0.089000 1.000000 1.000000 0.911000
0.090200 1.000000 1.000000 0.909800
0.091400 1.000000 1.000000 0.908600
0.092600 1.000000 1.000000 0.907400
0.093800 1.000000 1.000000 0.906200
0.095000 1.000000 1.000000 0.905000
0.096200 1.000000 1.000000 0.903800
0.097400 1.000000 1.000000 0.902600
0.098600 1.000000 1.000000 0.901400
0.099800 1.000000 1.000000 0.900200
0.101000 1.000000 1.000000 0.899000
0.102200 1.000000 1.000000 0.897800
0.103400 1.000000 1.000000 0.896600
0.104600 1.000000 1.000000 0.895400
0.105800 1.000000 1.000000 0.894200
0.107000 1.000000 1.000000 0.893000
0.108200 1.000000 1.000000 0.891800
0.109400 1.000000 1.000000 0.890600
0.110600 1.000000 1.000000 0.889400
0.111800 1.000000 1.000000 0.888200
0.113000 1.000000 1.000000 0.887000
0.114200 1.000000 1.000000 0.885800
0.115400 1.000000 1.000000 0.884600
0.116600 1.000000 1.000000 0.883400
0.117800 1.000000 1.000000 0.882200
0.119000 1.000000 1.000000 0.881000
0.120200 1.000000 1.000000 0.879800
0.121400 1.000000 1.000000 0.878600
0.122600 1.000000 1.000000 0.877400
0.123800 1.000000 1.000000 0.876200
0.125000 1.000000 1.000000 0.875000
0.126200 1.000000 1.000000 0.873800
0.127400 1.000000 1.000000 0.872600
0.128600 1.000000 1.000000 0.871400
0.129800 1.000000 1.000000 0.870200
0.131000 1.000000 1.000000 0.869000
0.132200 1.000000 1.000000 0.867800
0.133400 1.000000 1.000000 0.866600
0.134600 1.000000 1.000000 0.865400
0.135800 1.000000 1.000000 0.864200
0.137000 1.000000 1.000000 0.863000
0.138200 1.000000 1.000000 0.861800
0.139400 1.000000 1.000000 0.860600
0.140600 1.000000 1.000000 0.859400
0.141800 1.000000 1.000000 0.858200
0.143000 1.000000 1.000000 0.857000
0.144200 1.000000 1.000000 0.855800
0.145400 1.000000 1.000000 0.854600
0.146600 1.000000 1.000000 0.853400
0.147800 1.000000 1.000000 0.852200
0.149000 1.000000 1.000000 0.851000
0.150200 1.000000 1.000000 0.849800
0.151400 1.000000 1.000000 0.848600
0.152600 1.000000 1.000000 0.847400
0.153800 1.000000 1.000000 0.846200
0.155000 1.000000 1.000000 0.845000
0.156200 1.000000 1.000000 0.843800
0.157400 1.000000 1.000000 0.842600
0.158600 1.000000 1.000000 0.841400
0.159800 1.000000 1.000000 0.840200
0.161000 1.000000 1.000000 0.839000
0.162200 1.000000 1.000000 0.837800
0.163400 1.000000 1.000000 0.836600
0.164600 1.000000 1.000000 0.835400
0.165800 1.000000 1.000000 0.834200
0.167000 1.000000 1.000000 0.833000
0.168200 1.000000 1.000000 0.831800
0.169400 1.000000 1.000000 0.830600
0.170600 1.000000 1.000000 0.829400
0.171800 1.000000 1.000000 0.828200
0.173000 1.000000 1.000000 0.827000
0.174200 1.000000 1.000000 0.825800
0.175400 1.000000 1.000000 0.824600
0.176600 1.000000 1.000000 0.823400
0.177800 1.000000 1.000000 0.822200
0.179000 1.000000 1.000000 0.821000
0.180200 1.000000 1.000000 0.819800
0.181400 1.000000 1.000000 0.818600
0.182600 1.000000 1.000000 0.817400
0.183800 1.000000 1.000000 0.816200
0.185000 1.000000 1.000000 0.815000
0.186200 1.000000 1.000000 0.813800
0.187400 1.000000 1.000000 0.812600
0.188600 1.000000 1.000000 0.811400
0.189800 1.000000 1.000000 0.810200
0.191000 1.000000 1.000000 0.809000
0.192200 1.000000 1.000000 0.807800
0.193400 1.000000 1.000000 0.806600
0.194600 1.000000 1.000000 0.805400
0.195800 1.000000 1.000000 0.804200
0.197000 1.000000 1.000000 0.803000
0.198200 1.000000 1.000000 0.801800
0.199400 1.000000 1.000000 0.800600
0.200600 1.000000 1.000000 0.799400
0.201800 1.000000 1.000000 0.798200
0.203000 1.000000 1.000000 0.797000
0.204200 1.000000 1.000000 0.795800
0.205400 1.000000 1.000000 0.794600
0.206600 1.000000 1.000000 0.793400
0.207800 1.000000 1.000000 0.792200
0.209000 1.000000 1.000000 0.791000
0.210200 1.000000 1.000000 0.789800
0.211400 1.000000 1.000000 0.788600
0.212600 1.000000 1.000000 0.787400
0.213800 1.000000 1.000000 0.786200
0.215000 1.000000 1.000000 0.785000
0.216200 1.000000 1.000000 0.783800
0.217400 1.000000 1.000000 0.782600
0.218600 1.000000 1.000000 0.781400
0.219800 1.000000 1.000000 0.780200
0.221000 1.000000 1.000000 0.779000
0.222200 1.000000 1.000000 0.777800
0.223400 1.000000 1.000000 0.776600
0.224600 1.000000 1.000000 0.775400
0.225800 1.000000 1.000000 0.774200
0.227000 1.000000 1.000000 0.773000
0.228200 1.000000 1.000000 0.771800
0.229400 1.000000 1.000000 0.770600
0.230600 1.000000 1.000000 0.769400
0.231800 1.000000 1.000000 0.768200
0.233000 1.000000 1.000000 0.767000
0.234200 1.000000 1.000000 0.765800
0.235400 1.000000 1.000000 0.764600
0.236600 1.000000 1.000000 0.763400
0.237800 1.000000 1.000000 0.762200
0.239000 1.000000 1.000000 0.761000
0.240200 1.000000 1.000000 0.759800
0.241400 1.000000 1.000000 0.758600
0.242600 1.000000 1.000000 0.757400
0.243800 1.000000 1.000000 0.756200
0.245000 1.000000 1.000000 0.755000
0.246200 1.000000 1.000000 0.753800
0.247400 1.000000 1.000000 0.752600
0.248600 1.000000 1.000000 0.751400
0.249800 1.000000 1.000000 0.750200
0.251000 1.000000 1.000000 0.749000
0.252200 1.000000 1.000000 0.747800
0.253400 1.000000 1.000000 0.746600
0.254600 1.000000 1.000000 0.745400
0.255800 1.000000 1.000000 0.744200
0.257000 1.000000 1.000000 0.743000
0.258200 1.000000 1.000000 0.741800
0.259400 1.000000 1.000000 0.740600
0.260600 1.000000 1.000000 0.739400
0.261800 1.000000 1.000000 0.738200
0.263000 1.000000 1.000000 0.737000
0.264200 1.000000 1.000000 0.735800
0.265400 1.000000 1.000000 0.734600
0.266600 1.000000 1.000000 0.733400
0.267800 1.000000 1.000000 0.732200
0.269000 1.000000 1.000000 0.731000
0.270200 1.000000 1.000000 0.729800
0.271400 1.000000 1.000000 0.728600
0.272600 1.000000 1.000000 0.727400
0.273800 1.000000 1.000000 0.726200
0.275000 1.000000 1.000000 0.725000
0.276200 1.000000 1.000000 0.723800
0.277400 1.000000 1.000000 0.722600
0.278600 1.000000 1.000000 0.721400
0.279800 1.000000 1.000000 0.720200
0.281000 1.000000 1.000000 0.719000
0.282200 1.000000 1.000000 0.717800
0.283400 1.000000 1.000000 0.716600
0.284600 1.000000 1.000000 0.715400
0.285800 1.000000 1.000000 0.714200
0.287000 1.000000 1.000000 0.713000
0.288200 1.000000 1.000000 0.711800
0.289400 1.000000 1.000000 0.710600
0.290600 1.000000 1.000000 0.709400
0.291800 1.000000 1.000000 0.708200
0.293000 1.000000 1.000000 0.707000
0.294200 1.000000 1.000000 0.705800
0.295400 1.000000 1.000000 0.704600
0.296600 1.000000 1.000000 0.703400
0.297800 1.000000 1.000000 0.702200
0.299000 1.000000 1.000000 0.701000
0.300200 1.000000 1.000000 0.699800
0.301400 1.000000 1.000000 0.698600
0.302600 1.000000 1.000000 0.697400
0.303800 1.000000 1.000000 0.696200
0.305000 1.000000 1.000000 0.695000
0.306200 1.000000 1.000000 0.693800
0.307400 1.000000 1.000000 0.692600
0.308600 1.000000 1.000000 0.691400
0.309800 1.000000 1.000000 0.690200
0.311000 1.000000 1.000000 0.689000
0.312200 1.000000 1.000000 0.687800
0.313400 1.000000 1.000000 0.686600
0.314600 1.000000 1.000000 0.685400
0.315800 1.000000 1.000000 0.684200
0.317000 1.000000 1.000000 0.683000
0.318200 1.000000 1.000000 0.681800
0.319400 1.000000 1.000000 0.680600
0.320600 1.000000 1.000000 0.679400
0.321800 1.000000 1.000000 0.678200
0.323000 1.000000 1.000000 0.677000
0.324200 1.000000 1.000000 0.675800
0.325400 1.000000 1.000000 0.674600
0.326600 1.000000 1.000000 0.673400
0.327800 1.000000 1.000000 0.672200
0.329000 1.000000 1.000000 0.671000
0.330200 1.000000 1.000000 0.669800
0.331400 1.000000 1.000000 0.668600
0.332600 1.000000 1.000000 0.667400
0.333800 1.000000 1.000000 0.666200
0.335000 1.000000 1.000000 0.665000
0.336200 1.000000 1.000000 0.663800
0.337400 1.000000 1.000000 0.662600
0.338600 1.000000 1.000000 0.661400
0.339800 1.000000 1.000000 0.660200
0.341000 1.000000 1.000000 0.659000
0.342200 1.000000 1.000000 0.657800
0.343400 1.000000 1.000000 0.656600
0.344600 1.000000 1.000000 0.655400
0.345800 1.000000 1.000000 0.654200
0.347000 1.000000 1.000000 0.653000
0.348200 1.000000 1.000000 0.651800
0.349400 1.000000 1.000000 0.650600
0.350600 1.000000 1.000000 0.649400
0.351800 1.000000 1.000000 0.648200
0.353000 1.000000 1.000000 0.647000
0.354200 1.000000 1.000000 0.645800
0.355400 1.000000 1.000000 0.644600
0.356600 1.000000 1.000000 0.643400
0.357800 1.000000 1.000000 0.642200
0.359000 1.000000 1.000000 0.641000
0.360200 1.000000 1.000000 0.639800
0.361400 1.000000 1.000000 0.638600
0.362600 1.000000 1.000000 0.637400
0.363800 1.000000 1.000000 0.636200
0.365000 1.000000 1.000000 0.635000
0.366200 1.000000 1.000000 0.633800
0.367400 1.000000 1.000000 0.632600
0.368600 1.000000 1.000000 0.631400
0.369800 1.000000 1.000000 0.630200
0.371000 1.000000 1.000000 0.629000
0.372200 1.000000 1.000000 0.627800
0.373400 1.000000 1.000000 0.626600
0.374600 1.000000 1.000000 0.625400
0.375800 1.000000 1.000000 0.624200
0.377000 1.000000 1.000000 0.623000
0.378200 1.000000 1.000000 0.621800
0.379400 1.000000 1.000000 0.620600
0.380600 1.000000 1.000000 0.619400
0.381800 1.000000 1.000000 0.618200
0.383000 1.000000 1.000000 0.617000
0.384200 1.000000 1.000000 0.615800
0.385400 1.000000 1.000000 0.614600
0.386600 1.000000 1.000000 0.613400
0.387800 1.000000 1.000000 0.612200
0.389000 1.000000 1.000000 0.611000
0.390200 1.000000 1.000000 0.609800
0.391400 1.000000 1.000000 0.608600
0.392600 1.000000 1.000000 0.607400
0.393800 1.000000 1.000000 0.606200
0.395000 1.000000 1.000000 0.605000
0.396200 1.000000 1.000000 0.603800
0.397400 1.000000 1.000000 0.602600
0.398600 1.000000 1.000000 0.601400
0.399800 1.000000 1.000000 0.600200
0.401000 1.000000 1.000000 0.599000
0.402200 1.000000 1.000000 0.597800
0.403400 1.000000 1.000000 0.596600
0.404600 1.000000 1.000000 0.595400
0.405800 1.000000 1.000000 0.594200
0.407000 1.000000 1.000000 0.593000
0.408200 1.000000 1.000000 0.591800
0.409400 1.000000 1.000000 0.590600
0.410600 1.000000 1.000000 0.589400
0.411800 1.000000 1.000000 0.588200
0.413000 1.000000 1.000000 0.587000
0.414200 1.000000 1.000000 0.585800
0.415400 1.000000 1.000000 0.584600
0.416600 1.000000 1.000000 0.583400
0.417800 1.000000 1.000000 0.582200
0.419000 1.000000 1.000000 0.581000
0.420200 1.000000 1.000000 0.579800
0.421400 1.000000 1.000000 0.578600
0.422600 1.000000 1.000000 0.577400
0.423800 1.000000 1.000000 0.576200
0.425000 1.000000 1.000000 0.575000
0.426200 1.000000 1.000000 0.573800
0.427400 1.000000 1.000000 0.572600
0.428600 1.000000 1.000000 0.571400
0.429800 1.000000 1.000000 0.570200
0.431000 1.000000 1.000000 0.569000
0.432200 1.000000 1.000000 0.567800
0.433400 1.000000 1.000000 0.566600
0.434600 1.000000 1.000000 0.565400
0.435800 1.000000 1.000000 0.564200
0.437000 1.000000 1.000000 0.563000
0.438200 1.000000 1.000000 0.561800
0.439400 1.000000 1.000000 0.560600
0.440600 1.000000 1.000000 0.559400
0.441800 1.000000 1.000000 0.558200
0.443000 1.000000 1.000000 0.557000
0.444200 1.000000 1.000000 0.555800
0.445400 1.000000 1.000000 0.554600
0.446600 1.000000 1.000000 0.553400
0.447800 1.000000 1.000000 0.552200
0.449000 1.000000 1.000000 0.551000
0.450200 1.000000 1.000000 0.549800
0.451400 1.000000 1.000000 0.548600
0.452600 1.000000 1.000000 0.547400
0.453800 1.000000 1.000000 0.546200
0.455000 1.000000 1.000000 0.545000
0.456200 1.000000 1.000000 0.543800
0.457400 1.000000 1.000000 0.542600
0.458600 1.000000 1.000000 0.541400
0.459800 1.000000 1.000000 0.540200
0.461000 1.000000 1.000000 0.539000
0.462200 1.000000 1.000000 0.537800
0.463400 1.000000 1.000000 0.536600
0.464600 1.000000 1.000000 0.535400
0.465800 1.000000 1.000000 0.534200
0.467000 1.000000 1.000000 0.533000
0.468200 1.000000 1.000000 0.531800
0.469400 1.000000 1.000000 0.530600
0.470600 1.000000 1.000000 0.529400
0.471800 1.000000 1.000000 0.528200
0.473000 1.000000 1.000000 0.527000
0.474200 1.000000 1.000000 0.525800
0.475400 1.000000 1.000000 0.524600
0.476600 1.000000 1.000000 0.523400
0.477800 1.000000 1.000000 0.522200
0.479000 1.000000 1.000000 0.521000
0.480200 1.000000 1.000000 0.519800
0.481400 1.000000 1.000000 0.518600
0.482600 1.000000 1.000000 0.517400
0.483800 1.000000 1.000000 0.516200
0.485000 1.000000 1.000000 0.515000
0.486200 1.000000 1.000000 0.513800
0.487400 1.000000 1.000000 0.512600
0.488600 1.000000 1.000000 0.511400
0.489800 1.000000 1.000000 0.510200
0.491000 1.000000 1.000000 0.509000
0.492200 1.000000 1.000000 0.507800
0.493400 1.000000 1.000000 0.506600
0.494600 1.000000 1.000000 0.505400
0.495800 1.000000 1.000000 0.504200
0.497000 1.000000 1.000000 0.503000
0.498200 1.000000 1.000000 0.501800
0.499400 1.000000 1.000000 0.500600
0.500600 1.000000 1.000000 0.499400
0.501800 1.000000 1.000000 0.498200
0.503000 1.000000 1.000000 0.497000
0.504200 1.000000 1.000000 0.495800
0.505400 1.000000 1.000000 0.494600
0.506600 1.000000 1.000000 0.493400
0.507800 1.000000 1.000000 0.492200
0.509000 1.000000 1.000000 0.491000
0.510200 1.000000 1.000000 0.489800
0.511400 1.000000 1.000000 0.488600
0.512600 1.000000 1.000000 0.487400
0.513800 1.000000 1.000000 0.486200
0.515000 1.000000 1.000000 0.485000
0.516200 1.000000 1.000000 0.483800
0.517400 1.000000 1.000000 0.482600
0.518600 1.000000 1.000000 0.481400
0.519800 1.000000 1.000000 0.480200
0.521000 1.000000 1.000000 0.479000
0.522200 1.000000 1.000000 0.477800
0.523400 1.000000 1.000000 0.476600
0.524600 1.000000 1.000000 0.475400
0.525800 1.000000 1.000000 0.474200
0.527000 1.000000 1.000000 0.473000
0.528200 1.000000 1.000000 0.471800
0.529400 1.000000 1.000000 0.470600
0.530600 1.000000 1.000000 0.469400
0.531800 1.000000 1.000000 0.468200
0.533000 1.000000 1.000000 0.467000
0.534200 1.000000 1.000000 0.465800
0.535400 1.000000 1.000000 0.464600
0.536600 1.000000 1.000000 0.463400
0.537800 1.000000 1.000000 0.462200
0.539000 1.000000 1.000000 0.461000
0.540200 1.000000 1.000000 0.459800
0.541400 1.000000 1.000000 0.458600
0.542600 1.000000 1.000000 0.457400
0.543800 1.000000 1.000000 0.456200
0.545000 1.000000 1.000000 0.455000
0.546200 1.000000 1.000000 0.453800
0.547400 1.000000 1.000000 0.452600
0.548600 1.000000 1.000000 0.451400
0.549800 1.000000 1.000000 0.450200
0.551000 1.000000 1.000000 0.449000
0.552200 1.000000 1.000000 0.447800
0.553400 1.000000 1.000000 0.446600
0.554600 1.000000 1.000000 0.445400
0.555800 1.000000 1.000000 0.444200
0.557000 1.000000 1.000000 0.443000
0.558200 1.000000 1.000000 0.441800
0.559400 1.000000 1.000000 0.440600
0.560600 1.000000 1.000000 0.439400
0.561800 1.000000 1.000000 0.438200
0.563000 1.000000 1.000000 0.437000
0.564200 1.000000 1.000000 0.435800
0.565400 1.000000 1.000000 0.434600
0.566600 1.000000 1.000000 0.433400
0.567800 1.000000 1.000000 0.432200
0.569000 1.000000 1.000000 0.431000
0.570200 1.000000 1.000000 0.429800
0.571400 1.000000 1.000000 0.428600
0.572600 1.000000 1.000000 0.427400
0.573800 1.000000 1.000000 0.426200
0.575000 1.000000 1.000000 0.425000
0.576200 1.000000 1.000000 0.423800
0.577400 1.000000 1.000000 0.422600
0.578600 1.000000 1.000000 0.421400
0.579800 1.000000 1.000000 0.420200
0.581000 1.000000 1.000000 0.419000
0.582200 1.000000 1.000000 0.417800
0.583400 1.000000 1.000000 0.416600
0.584600 1.000000 1.000000 0.415400
0.585800 1.000000 1.000000 0.414200
0.587000 1.000000 1.000000 0.413000
0.588200 1.000000 1.000000 0.411800
0.589400 1.000000 1.000000 0.410600
0.590600 1.000000 1.000000 0.409400
0.591800 1.000000 1.000000 0.408200
0.593000 1.000000 1.000000 0.407000
0.594200 1.000000 1.000000 0.405800
0.595400 1.000000 1.000000 0.404600
0.596600 1.000000 1.000000 0.403400
0.597800 1.000000 1.000000 0.402200
0.599000 1.000000 1.000000 0.401000
0.600200 1.000000 1.000000 0.399800
0.601400 1.000000 1.000000 0.398600
0.602600 1.000000 1.000000 0.397400
0.603800 1.000000 1.000000 0.396200
0.605000 1.000000 1.000000 0.395000
0.606200 1.000000 1.000000 0.393800
0.607400 1.000000 1.000000 0.392600
0.608600 1.000000 1.000000 0.391400
0.609800 1.000000 1.000000 0.390200
0.611000 1.000000 1.000000 0.389000
0.612200 1.000000 1.000000 0.387800
0.613400 1.000000 1.000000 0.386600
0.614600 1.000000 1.000000 0.385400
0.615800 1.000000 1.000000 0.384200
0.617000 1.000000 1.000000 0.383000
0.618200 1.000000 1.000000 0.381800
0.619400 1.000000 1.000000 0.380600
0.620600 1.000000 1.000000 0.379400
0.621800 1.000000 1.000000 0.378200
0.623000 1.000000 1.000000 0.377000
0.624200 1.000000 1.000000 0.375800
0.625400 1.000000 1.000000 0.374600
0.626600 1.000000 1.000000 0.373400
0.627800 1.000000 1.000000 0.372200
0.629000 1.000000 1.000000 0.371000
0.630200 1.000000 1.000000 0.369800
0.631400 1.000000 1.000000 0.368600
0.632600 1.000000 1.000000 0.367400
0.633800 1.000000 1.000000 0.366200
0.635000 1.000000 1.000000 0.365000
0.636200 1.000000 1.000000 0.363800
0.637400 1.000000 1.000000 0.362600
0.638600 1.000000 1.000000 0.361400
0.639800 1.000000 1.000000 0.360200
0.641000 1.000000 1.000000 0.359000
0.642200 1.000000 1.000000 0.357800
0.643400 1.000000 1.000000 0.356600
0.644600 1.000000 1.000000 0.355400
0.645800 1.000000 1.000000 0.354200
0.647000 1.000000 1.000000 0.353000
0.648200 1.000000 1.000000 0.351800
0.649400 1.000000 1.000000 0.350600
0.650600 1.000000 1.000000 0.349400
0.651800 1.000000 1.000000 0.348200
0.653000 1.000000 1.000000 0.347000
0.654200 1.000000 1.000000 0.345800
0.655400 1.000000 1.000000 0.344600
0.656600 1.000000 1.000000 0.343400
0.657800 1.000000 1.000000 0.342200
0.659000 1.000000 1.000000 0.341000
0.660200 1.000000 1.000000 0.339800
0.661400 1.000000 1.000000 0.338600
0.662600 1.000000 1.000000 0.337400
0.663800 1.000000 1.000000 0.336200
0.665000 1.000000 1.000000 0.335000
0.666200 1.000000 1.000000 0.333800
0.667400 1.000000 1.000000 0.332600
0.668600 1.000000 1.000000 0.331400
0.669800 1.000000 1.000000 0.330200
0.671000 1.000000 1.000000 0.329000
0.672200 1.000000 1.000000 0.327800
0.673400 1.000000 1.000000 0.326600
0.674600 1.000000 1.000000 0.325400
0.675800 1.000000 1.000000 0.324200
0.677000 1.000000 1.000000 0.323000
0.678200 1.000000 1.000000 0.321800
0.679400 1.000000 1.000000 0.320600
0.680600 1.000000 1.000000 0.319400
0.681800 1.000000 1.000000 0.318200
0.683000 1.000000 1.000000 0.317000
0.684200 1.000000 1.000000 0.315800
0.685400 1.000000 1.000000 0.314600
0.686600 1.000000 1.000000 0.313400
0.687800 1.000000 1.000000 0.312200
0.689000 1.000000 1.000000 0.311000
0.690200 1.000000 1.000000 0.309800
0.691400 1.000000 1.000000 0.308600
0.692600 1.000000 1.000000 0.307400
0.693800 1.000000 1.000000 0.306200
0.695000 1.000000 1.000000 0.305000
0.696200 1.000000 1.000000 0.303800
0.697400 1.000000 1.000000 0.302600
0.698600 1.000000 1.000000 0.301400
0.699800 1.000000 1.000000 0.300200
0.701000 1.000000 1.000000 0.299000
0.702200 1.000000 1.000000 0.297800
0.703400 1.000000 1.000000 0.296600
0.704600 1.000000 1.000000 0.295400
0.705800 1.000000 1.000000 0.294200
0.707000 1.000000 1.000000 0.293000
0.708200 1.000000 1.000000 0.291800
0.709400 1.000000 1.000000 0.290600
0.710600 1.000000 1.000000 0.289400
0.711800 1.000000 1.000000 0.288200
0.713000 1.000000 1.000000 0.287000
0.714200 1.000000 1.000000 0.285800
0.715400 1.000000 1.000000 0.284600
0.716600 1.000000 1.000000 0.283400
0.717800 1.000000 1.000000 0.282200
0.719000 1.000000 1.000000 0.281000
0.720200 1.000000 1.000000 0.279800
0.721400 1.000000 1.000000 0.278600
0.722600 1.000000 1.000000 0.277400
0.723800 1.000000 1.000000 0.276200
0.725000 1.000000 1.000000 0.275000
0.726200 1.000000 1.000000 0.273800
0.727400 1.000000 1.000000 0.272600
0.728600 1.000000 1.000000 0.271400
0.729800 1.000000 1.000000 0.270200
0.731000 1.000000 1.000000 0.269000
0.732200 1.000000 1.000000 0.267800
0.733400 1.000000 1.000000 0.266600
0.734600 1.000000 1.000000 0.265400
0.735800 1.000000 1.000000 0.264200
0.737000 1.000000 1.000000 0.263000
0.738200 1.000000 1.000000 0.261800
0.739400 1.000000 1.000000 0.260600
0.740600 1.000000 1.000000 0.259400
0.741800 1.000000 1.000000 0.258200
0.743000 1.000000 1.000000 0.257000
0.744200 1.000000 1.000000 0.255800
0.745400 1.000000 1.000000 0.254600
0.746600 1.000000 1.000000 0.253400
0.747800 1.000000 1.000000 0.252200
0.749000 1.000000 1.000000 0.251000
0.750200 1.000000 1.000000 0.249800
0.751400 1.000000 1.000000 0.248600
0.752600 1.000000 1.000000 0.247400
0.753800 1.000000 1.000000 0.246200
0.755000 1.000000 1.000000 0.245000
0.756200 1.000000 1.000000 0.243800
0.757400 1.000000 1.000000 0.242600
0.758600 1.000000 1.000000 0.241400
0.759800 1.000000 1.000000 0.240200
0.761000 1.000000 1.000000 0.239000
0.762200 1.000000 1.000000 0.237800
0.763400 1.000000 1.000000 0.236600
0.764600 1.000000 1.000000 0.235400
0.765800 1.000000 1.000000 0.234200
0.767000 1.000000 1.000000 0.233000
0.768200 1.000000 1.000000 0.231800
0.769400 1.000000 1.000000 0.230600
0.770600 1.000000 1.000000 0.229400
0.771800 1.000000 1.000000 0.228200
0.773000 1.000000 1.000000 0.227000
0.774200 1.000000 1.000000 0.225800
0.775400 1.000000 1.000000 0.224600
0.776600 1.000000 1.000000 0.223400
0.777800 1.000000 1.000000 0.222200
0.779000 1.000000 1.000000 0.221000
0.780200 1.000000 1.000000 0.219800
0.781400 1.000000 1.000000 0.218600
0.782600 1.000000 1.000000 0.217400
0.783800 1.000000 1.000000 0.216200
0.785000 1.000000 1.000000 0.215000
0.786200 1.000000 1.000000 0.213800
0.787400 1.000000 1.000000 0.212600
0.788600 1.000000 1.000000 0.211400
0.789800 1.000000 1.000000 0.210200
0.791000 1.000000 1.000000 0.209000
0.792200 1.000000 1.000000 0.207800
0.793400 1.000000 1.000000 0.206600
0.794600 1.000000 1.000000 0.205400
0.795800 1.000000 1.000000 0.204200
0.797000 1.000000 1.000000 0.203000
0.798200 1.000000 1.000000 0.201800
0.799400 1.000000 1.000000 0.200600
0.800600 1.000000 1.000000 0.199400
0.801800 1.000000 1.000000 0.198200
0.803000 1.000000 1.000000 0.197000
0.804200 1.000000 1.000000 0.195800
0.805400 1.000000 1.000000 0.194600
0.806600 1.000000 1.000000 0.193400
0.807800 1.000000 1.000000 0.192200
0.809000 1.000000 1.000000 0.191000
0.810200 1.000000 1.000000 0.189800
0.811400 1.000000 1.000000 0.188600
0.812600 1.000000 1.000000 0.187400
0.813800 1.000000 1.000000 0.186200
0.815000 1.000000 1.000000 0.185000
0.816200 1.000000 1.000000 0.183800
0.817400 1.000000 1.000000 0.182600
0.818600 1.000000 1.000000 0.181400
0.819800 1.000000 1.000000 0.180200
0.821000 1.000000 1.000000 0.179000
0.822200 1.000000 1.000000 0.177800
0.823400 1.000000 1.000000 0.176600
0.824600 1.000000 1.000000 0.175400
0.825800 1.000000 1.000000 0.174200
0.827000 1.000000 1.000000 0.173000
0.828200 1.000000 1.000000 0.171800
0.829400 1.000000 1.000000 0.170600
0.830600 1.000000 1.000000 0.169400
0.831800 1.000000 1.000000 0.168200
0.833000 1.000000 1.000000 0.167000
0.834200 1.000000 1.000000 0.165800
0.835400 1.000000 1.000000 0.164600
0.836600 1.000000 1.000000 0.163400
0.837800 1.000000 1.000000 0.162200
0.839000 1.000000 1.000000 0.161000
0.840200 1.000000 1.000000 0.159800
0.841400 1.000000 1.000000 0.158600
0.842600 1.000000 1.000000 0.157400
0.843800 1.000000 1.000000 0.156200
0.845000 1.000000 1.000000 0.155000
0.846200 1.000000 1.000000 0.153800
0.847400 1.000000 1.000000 0.152600
0.848600 1.000000 1.000000 0.151400
0.849800 1.000000 1.000000 0.150200
0.851000 1.000000 1.000000 0.149000
0.852200 1.000000 1.000000 0.147800
0.853400 1.000000 1.000000 0.146600
0.854600 1.000000 1.000000 0.145400
0.855800 1.000000 1.000000 0.144200
0.857000 1.000000 1.000000 0.143000
0.858200 1.000000 1.000000 0.141800
0.859400 1.000000 1.000000 0.140600
0.860600 1.000000 1.000000 0.139400
0.861800 1.000000 1.000000 0.138200
0.863000 1.000000 1.000000 0.137000
0.864200 1.000000 1.000000 0.135800
0.865400 1.000000 1.000000 0.134600
0.866600 1.000000 1.000000 0.133400
0.867800 1.000000 1.000000 0.132200
0.869000 1.000000 1.000000 0.131000
0.870200 1.000000 1.000000 0.129800
0.871400 1.000000 1.000000 0.128600
0.872600 1.000000 1.000000 0.127400
0.873800 1.000000 1.000000 0.126200
0.875000 1.000000 1.000000 0.125000
0.876200 1.000000 1.000000 0.123800
0.877400 1.000000 1.000000 0.122600
0.878600 1.000000 1.000000 0.121400
0.879800 1.000000 1.000000 0.120200
0.881000 1.000000 1.000000 0.119000
0.882200 1.000000 1.000000 0.117800
0.883400 1.000000 1.000000 0.116600
0.884600 1.000000 1.000000 0.115400
0.885800 1.000000 1.000000 0.114200
0.887000 1.000000 1.000000 0.113000
0.888200 1.000000 1.000000 0.111800
0.889400 1.000000 1.000000 0.110600
0.890600 1.000000 1.000000 0.109400
0.891800 1.000000 1.000000 0.108200
0.893000 1.000000 1.000000 0.107000
0.894200 1.000000 1.000000 0.105800
0.895400 1.000000 1.000000 0.104600
0.896600 1.000000 1.000000 0.103400
0.897800 1.000000 1.000000 0.102200
0.899000 1.000000 1.000000 0.101000
0.900200 1.000000 1.000000 0.099800
0.901400 1.000000 1.000000 0.098600
0.902600 1.000000 1.000000 0.097400
0.903800 1.000000 1.000000 0.096200
0.905000 1.000000 1.000000 0.095000
0.906200 1.000000 1.000000 0.093800
0.907400 1.000000 1.000000 0.092600
0.908600 1.000000 1.000000 0.091400
0.909800 1.000000 1.000000 0.090200
0.911000 1.000000 1.000000 0.089000
0.912200 1.000000 1.000000 0.087800
0.913400 1.000000 1.000000 0.086600
0.914600 1.000000 1.000000 0.085400
0.915800 1.000000 1.000000 0.084200
0.917000 1.000000 1.000000 0.083000
0.918200 1.000000 1.000000 0.081800
0.919400 1.000000 1.000000 0.080600
0.920600 1.000000 1.000000 0.079400
0.921800 1.000000 1.000000 0.078200
0.923000 1.000000 1.000000 0.077000
0.924200 1.000000 1.000000 0.075800
0.925400 1.000000 1.000000 0.074600
0.926600 1.000000 1.000000 0.073400
0.927800 1.000000 1.000000 0.072200
0.929000 1.000000 1.000000 0.071000
0.930200 1.000000 1.000000 0.069800
0.931400 1.000000 1.000000 0.068600
0.932600 1.000000 1.000000 0.067400
0.933800 1.000000 1.000000 0.066200
0.935000 1.000000 1.000000 0.065000
0.936200 1.000000 1.000000 0.063800
0.937400 1.000000 1.000000 0.062600
0.938600 1.000000 1.000000 0.061400
0.939800 1.000000 1.000000 0.060200
0.941000 1.000000 1.000000 0.059000
0.942200 1.000000 1.000000 0.057800
0.943400 1.000000 1.000000 0.056600
0.944600 1.000000 1.000000 0.055400
0.945800 1.000000 1.000000 0.054200
0.947000 1.000000 1.000000 0.053000
0.948200 1.000000 1.000000 0.051800
0.949400 1.000000 1.000000 0.050600
0.950600 1.000000 1.000000 0.049400
0.951800 1.000000 1.000000 0.048200
0.953000 1.000000 1.000000 0.047000
0.954200 1.000000 1.000000 0.045800
0.955400 1.000000 1.000000 0.044600
0.956600 1.000000 1.000000 0.043400
0.957800 1.000000 1.000000 0.042200
0.959000 1.000000 1.000000 0.041000
0.960200 1.000000 1.000000 0.039800
0.961400 1.000000 1.000000 0.038600
0.962600 1.000000 1.000000 0.037400
0.963800 1.000000 1.000000 0.036200
0.965000 1.000000 1.000000 0.035000
0.966200 1.000000 1.000000 0.033800
0.967400 1.000000 1.000000 0.032600
0.968600 1.000000 1.000000 0.031400
0.969800 1.000000 1.000000 0.030200
0.971000 1.000000 1.000000 0.029000
0.972200 1.000000 1.000000 0.027800
0.973400 1.000000 1.000000 0.026600
0.974600 1.000000 1.000000 0.025400
0.975800 1.000000 1.000000 0.024200
0.977000 1.000000 1.000000 0.023000
0.978200 1.000000 1.000000 0.021800
0.979400 1.000000 1.000000 0.020600
0.980600 1.000000 1.000000 0.019400
0.981800 1.000000 1.000000 0.018200
0.983000 1.000000 1.000000 0.017000
0.984200 1.000000 1.000000 0.015800
0.985400 1.000000 1.000000 0.014600
0.986600 1.000000 1.000000 0.013400
0.987800 1.000000 1.000000 0.012200
0.989000 1.000000 1.000000 0.011000
0.990200 1.000000 1.000000 0.009800
0.991400 1.000000 1.000000 0.008600
0.992600 1.000000 1.000000 0.007400
0.993800 1.000000 1.000000 0.006200
0.995000 1.000000 1.000000 0.005000
0.996200 1.000000 1.000000 0.003800
0.997400 1.000000 1.000000 0.002600
0.998600 1.000000 1.000000 0.001400
0.999800 1.000000 1.000000 0.000200
1.001000 1.000000 1.000000 0.000000
1.002200 1.000000 1.000000 0.000000
1.003400 1.000000 1.000000 0.000000
1.004600 1.000000 1.000000 0.000000
1.005800 1.000000 1.000000 0.000000
1.007000 1.000000 1.000000 0.000000
1.008200 1.000000 1.000000 0.000000
1.009400 1.000000 1.000000 0.000000
1.010600 1.000000 1.000000 0.000000
1.011800 1.000000 1.000000 0.000000
1.013000 1.000000 1.000000 0.000000
1.014200 1.000000 1.000000 0.000000
1.015400 1.000000 1.000000 0.000000
1.016600 1.000000 1.000000 0.000000
1.017800 1.000000 1.000000 0.000000
1.019000 1.000000 1.000000 0.000000
1.020200 1.000000 1.000000 0.000000
1.021400 1.000000 1.000000 0.000000
1.022600 1.000000 1.000000 0.000000
1.023800 1.000000 1.000000 0.000000
1.025000 1.000000 1.000000 0.000000
1.026200 1.000000 1.000000 0.000000
1.027400 1.000000 1.000000 0.000000
1.028600 1.000000 1.000000 0.000000
1.029800 1.000000 1.000000 0.000000
1.031000 1.000000 1.000000 0.000000
1.032200 1.000000 1.000000 0.000000
1.033400 1.000000 1.000000 0.000000
1.034600 1.000000 1.000000 0.000000
1.035800 1.000000 1.000000 0.000000
1.037000 1.000000 1.000000 0.000000
1.038200 1.000000 1.000000 0.000000
1.039400 1.000000 1.000000 0.000000
1.040600 1.000000 1.000000 0.000000
1.041800 1.000000 1.000000 0.000000
1.043000 1.000000 1.000000 0.000000
1.044200 1.000000 1.000000 0.000000
1.045400 1.000000 1.000000 0.000000
1.046600 1.000000 1.000000 0.000000
1.047800 1.000000 1.000000 0.000000
1.049000 1.000000 1.000000 0.000000
1.050200 1.000000 1.000000 0.000000
1.051400 1.000000 1.000000 0.000000
1.052600 1.000000 1.000000 0.000000
1.053800 1.000000 1.000000 0.000000
1.055000 1.000000 1.000000 0.000000
1.056200 1.000000 1.000000 0.000000
1.057400 1.000000 1.000000 0.000000
1.058600 1.000000 1.000000 0.000000
1.059800 1.000000 1.000000 0.000000
1.061000 1.000000 1.000000 0.000000
1.062200 1.000000 1.000000 0.000000
1.063400 1.000000 1.000000 0.000000
1.064600 1.000000 1.000000 0.000000
1.065800 1.000000 1.000000 0.000000
1.067000 1.000000 1.000000 0.000000
1.068200 1.000000 1.000000 0.000000
1.069400 1.000000 1.000000 0.000000
1.070600 1.000000 1.000000 0.000000
1.071800 1.000000 1.000000 0.000000
1.073000 1.000000 1.000000 0.000000
1.074200 1.000000 1.000000 0.000000
1.075400 1.000000 1.000000 0.000000
1.076600 1.000000 1.000000 0.000000
1.077800 1.000000 1.000000 0.000000
1.079000 1.000000 1.000000 0.000000
1.080200 1.000000 1.000000 0.000000
1.081400 1.000000 1.000000 0.000000
1.082600 1.000000 1.000000 0.000000
1.083800 1.000000 1.000000 0.000000
1.085000 1.000000 1.000000 0.000000
1.086200 1.000000 1.000000 0.000000
1.087400 1.000000 1.000000 0.000000
1.088600 1.000000 1.000000 0.000000
1.089800 1.000000 1.000000 0.000000
1.091000 1.000000 1.000000 0.000000
1.092200 1.000000 1.000000 0.000000
1.093400 1.000000 1.000000 0.000000
1.094600 1.000000 1.000000 0.000000
1.095800 1.000000 1.000000 0.000000
1.097000 1.000000 1.000000 0.000000
1.098200 1.000000 1.000000 0.000000
1.099400 1.000000 1.000000 0.000000
1.100600 1.000000 1.000000 0.000000
1.101800 1.000000 1.000000 0.000000
1.103000 1.000000 1.000000 0.000000
1.104200 1.000000 1.000000 0.000000
1.105400 1.000000 1.000000 0.000000
1.106600 1.000000 1.000000 0.000000
1.107800 1.000000 1.000000 0.000000
1.109000 1.000000 1.000000 0.000000
1.110200 1.000000 1.000000 0.000000
1.111400 1.000000 1.000000 0.000000
1.112600 1.000000 1.000000 0.000000
1.113800 1.000000 1.000000 0.000000
1.115000 1.000000 1.000000 0.000000
1.116200 1.000000 1.000000 0.000000
1.117400 1.000000 1.000000 0.000000
1.118600 1.000000 1.000000 0.000000
1.119800 1.000000 1.000000 0.000000
1.121000 1.000000 1.000000 0.000000
1.122200 1.000000 1.000000 0.000000
1.123400 1.000000 1.000000 0.000000
1.124600 1.000000 1.000000 0.000000
1.125800 1.000000 1.000000 0.000000
1.127000 1.000000 1.000000 0.000000
1.128200 1.000000 1.000000 0.000000
1.129400 1.000000 1.000000 0.000000
1.130600 1.000000 1.000000 0.000000
1.131800 1.000000 1.000000 0.000000
1.133000 1.000000 1.000000 0.000000
1.134200 1.000000 1.000000 0.000000
1.135400 1.000000 1.000000 0.000000
1.136600 1.000000 1.000000 0.000000
1.137800 1.000000 1.000000 0.000000
1.139000 1.000000 1.000000 0.000000
1.140200 1.000000 1.000000 0.000000
1.141400 1.000000 1.000000 0.000000
1.142600 1.000000 1.000000 0.000000
1.143800 1.000000 1.000000 0.000000
1.145000 1.000000 1.000000 0.000000
1.146200 1.000000 1.000000 0.000000
1.147400 1.000000 1.000000 0.000000
1.148600 1.000000 1.000000 0.000000
1.149800 1.000000 1.000000 0.000000
1.151000 1.000000 1.000000 0.000000
1.152200 1.000000 1.000000 0.000000
1.153400 1.000000 1.000000 0.000000
1.154600 1.000000 1.000000 0.000000
1.155800 1.000000 1.000000 0.000000
1.157000 1.000000 1.000000 0.000000
1.158200 1.000000 1.000000 0.000000
1.159400 1.000000 1.000000 0.000000
1.160600 1.000000 1.000000 0.000000
1.161800 1.000000 1.000000 0.000000
1.163000 1.000000 1.000000 0.000000
1.164200 1.000000 1.000000 0.000000
1.165400 1.000000 1.000000 0.000000
1.166600 1.000000 1.000000 0.000000
1.167800 1.000000 1.000000 0.000000
1.169000 1.000000 1.000000 0.000000
1.170200 1.000000 1.000000 0.000000
1.171400 1.000000 1.000000 0.000000
1.172600 1.000000 1.000000 0.000000
1.173800 1.000000 1.000000 0.000000
1.175000 1.000000 1.000000 0.000000
1.176200 1.000000 1.000000 0.000000
1.177400 1.000000 1.000000 0.000000
1.178600 1.000000 1.000000 0.000000
1.179800 1.000000 1.000000 0.000000
1.181000 1.000000 1.000000 0.000000
1.182200 1.000000 1.000000 0.000000
1.183400 1.000000 1.000000 0.000000
1.184600 1.000000 1.000000 0.000000
1.185800 1.000000 1.000000 0.000000
1.187000 1.000000 1.000000 0.000000
1.188200 1.000000 1.000000 0.000000
1.189400 1.000000 1.000000 0.000000
1.190600 1.000000 1.000000 0.000000
1.191800 1.000000 1.000000 0.000000
1.193000 1.000000 1.000000 0.000000
1.194200 1.000000 1.000000 0.000000
1.195400 1.000000 1.000000 0.000000
1.196600 1.000000 1.000000 0.000000
1.197800 1.000000 1.000000 0.000000
1.199000 1.000000 1.000000 0.000000
1.200200 1.000000 1.000000 0.000000
1.201400 1.000000 1.000000 0.000000
1.202600 1.000000 1.000000 0.000000
1.203800 1.000000 1.000000 0.000000
1.205000 1.000000 1.000000 0.000000
1.206200 1.000000 1.000000 0.000000
1.207400 1.000000 1.000000 0.000000
1.208600 1.000000 1.000000 0.000000
1.209800 1.000000 1.000000 0.000000
1.211000 1.000000 1.000000 0.000000
1.212200 1.000000 1.000000 0.000000
1.213400 1.000000 1.000000 0.000000
1.214600 1.000000 1.000000 0.000000
1.215800 1.000000 1.000000 0.000000
1.217000 1.000000 1.000000 0.000000
1.218200 1.000000 1.000000 0.000000
1.219400 1.000000 1.000000 0.000000
1.220600 1.000000 1.000000 0.000000
1.221800 1.000000 1.000000 0.000000
1.223000 1.000000 1.000000 0.000000
1.224200 1.000000 1.000000 0.000000
1.225400 1.000000 1.000000 0.000000
1.226600 1.000000 1.000000 0.000000
1.227800 1.000000 1.000000 0.000000
1.229000 1.000000 1.000000 0.000000
1.230200 1.000000 1.000000 0.000000
1.231400 1.000000 1.000000 0.000000
1.232600 1.000000 1.000000 0.000000
1.233800 1.000000 1.000000 0.000000
1.235000 1.000000 1.000000 0.000000
1.236200 1.000000 1.000000 0.000000
1.237400 1.000000 1.000000 0.000000
1.238600 1.000000 1.000000 0.000000
1.239800 1.000000 1.000000 0.000000
1.241000 1.000000 1.000000 0.000000
1.242200 1.000000 1.000000 0.000000
1.243400 1.000000 1.000000 0.000000
1.244600 1.000000 1.000000 0.000000
1.245800 1.000000 1.000000 0.000000
1.247000 1.000000 1.000000 0.000000
1.248200 1.000000 1.000000 0.000000
1.249400 1.000000 1.000000 0.000000
1.250600 1.000000 1.000000 0.000000
1.251800 1.000000 1.000000 0.000000
1.253000 1.000000 1.000000 0.000000
1.254200 1.000000 1.000000 0.000000
1.255400 1.000000 1.000000 0.000000
1.256600 1.000000 1.000000 0.000000
1.257800 1.000000 1.000000 0.000000
1.259000 1.000000 1.000000 0.000000
1.260200 1.000000 1.000000 0.000000
1.261400 1.000000 1.000000 0.000000
1.262600 1.000000 1.000000 0.000000
1.263800 1.000000 1.000000 0.000000
1.265000 1.000000 1.000000 0.000000
1.266200 1.000000 1.000000 0.000000
1.267400 1.000000 1.000000 0.000000
1.268600 1.000000 1.000000 0.000000
1.269800 1.000000 1.000000 0.000000
1.271000 1.000000 1.000000 0.000000
1.272200 1.000000 1.000000 0.000000
1.273400 1.000000 1.000000 0.000000
1.274600 1.000000 1.000000 0.000000
1.275800 1.000000 1.000000 0.000000
1.277000 1.000000 1.000000 0.000000
1.278200 1.000000 1.000000 0.000000
1.279400 1.000000 1.000000 0.000000
1.280600 1.000000 1.000000 0.000000
1.281800 1.000000 1.000000 0.000000
1.283000 1.000000 1.000000 0.000000
1.284200 1.000000 1.000000 0.000000
1.285400 1.000000 1.000000 0.000000
1.286600 1.000000 1.000000 0.000000
1.287800 1.000000 1.000000 0.000000
1.289000 1.000000 1.000000 0.000000
1.290200 1.000000 1.000000 0.000000
1.291400 1.000000 1.000000 0.000000
1.292600 1.000000 1.000000 0.000000
1.293800 1.000000 1.000000 0.000000
1.295000 1.000000 1.000000 0.000000
1.296200 1.000000 1.000000 0.000000
1.297400 1.000000 1.000000 0.000000
1.298600 1.000000 1.000000 0.000000
1.299800 1.000000 1.000000 0.000000
1.301000 1.000000 1.000000 0.000000
1.302200 1.000000 1.000000 0.000000
1.303400 1.000000 1.000000 0.000000
1.304600 1.000000 1.000000 0.000000
1.305800 1.000000 1.000000 0.000000
1.307000 1.000000 1.000000 0.000000
1.308200 1.000000 1.000000 0.000000
1.309400 1.000000 1.000000 0.000000
1.310600 1.000000 1.000000 0.000000
1.311800 1.000000 1.000000 0.000000
1.313000 1.000000 1.000000 0.000000
1.314200 1.000000 1.000000 0.000000
1.315400 1.000000 1.000000 0.000000
1.316600 1.000000 1.000000 0.000000
1.317800 1.000000 1.000000 0.000000
1.319000 1.000000 1.000000 0.000000
1.320200 1.000000 1.000000 0.000000
1.321400 1.000000 1.000000 0.000000
1.322600 1.000000 1.000000 0.000000
1.323800 1.000000 1.000000 0.000000
1.325000 1.000000 1.000000 0.000000
1.326200 1.000000 1.000000 0.000000
1.327400 1.000000 1.000000 0.000000
1.328600 1.000000 1.000000 0.000000
1.329800 1.000000 1.000000 0.000000
1.331000 1.000000 1.000000 0.000000
1.332200 1.000000 1.000000 0.000000
1.333400 1.000000 1.000000 0.000000
1.334600 1.000000 1.000000 0.000000
1.335800 1.000000 1.000000 0.000000
1.337000 1.000000 1.000000 0.000000
1.338200 1.000000 1.000000 0.000000
1.339400 1.000000 1.000000 0.000000
1.340600 1.000000 1.000000 0.000000
1.341800 1.000000 1.000000 0.000000
1.343000 1.000000 1.000000 0.000000
1.344200 1.000000 1.000000 0.000000
1.345400 1.000000 1.000000 0.000000
1.346600 1.000000 1.000000 0.000000
1.347800 1.000000 1.000000 0.000000
1.349000 1.000000 1.000000 0.000000
1.350200 1.000000 1.000000 0.000000
1.351400 1.000000 1.000000 0.000000
1.352600 1.000000 1.000000 0.000000
1.353800 1.000000 1.000000 0.000000
1.355000 1.000000 1.000000 0.000000
1.356200 1.000000 1.000000 0.000000
1.357400 1.000000 1.000000 0.000000
1.358600 1.000000 1.000000 0.000000
1.359800 1.000000 1.000000 0.000000
1.361000 1.000000 1.000000 0.000000
1.362200 1.000000 1.000000 0.000000
1.363400 1.000000 1.000000 0.000000
1.364600 1.000000 1.000000 0.000000
1.365800 1.000000 1.000000 0.000000
1.367000 1.000000 1.000000 0.000000
1.368200 1.000000 1.000000 0.000000
1.369400 1.000000 1.000000 0.000000
1.370600 1.000000 1.000000 0.000000
1.371800 1.000000 1.000000 0.000000
1.373000 1.000000 1.000000 0.000000
1.374200 1.000000 1.000000 0.000000
1.375400 1.000000 1.000000 0.000000
1.376600 1.000000 1.000000 0.000000
1.377800 1.000000 1.000000 0.000000
1.379000 1.000000 1.000000 0.000000
1.380200 1.000000 1.000000 0.000000
1.381400 1.000000 1.000000 0.000000
1.382600 1.000000 1.000000 0.000000
1.383800 1.000000 1.000000 0.000000
1.385000 1.000000 1.000000 0.000000
1.386200 1.000000 1.000000 0.000000
1.387400 1.000000 1.000000 0.000000
1.388600 1.000000 1.000000 0.000000
1.389800 1.000000 1.000000 0.000000
1.391000 1.000000 1.000000 0.000000
1.392200 1.000000 1.000000 0.000000
1.393400 1.000000 1.000000 0.000000
1.394600 1.000000 1.000000 0.000000
1.395800 1.000000 1.000000 0.000000
1.397000 1.000000 1.000000 0.000000
1.398200 1.000000 1.000000 0.000000
1.399400 1.000000 1.000000 0.000000
1.400600 1.000000 1.000000 0.000000
1.401800 1.000000 1.000000 0.000000
1.403000 1.000000 1.000000 0.000000
1.404200 1.000000 1.000000 0.000000
1.405400 1.000000 1.000000 0.000000
1.406600 1.000000 1.000000 0.000000
1.407800 1.000000 1.000000 0.000000
1.409000 1.000000 1.000000 0.000000
1.410200 1.000000 1.000000 0.000000
1.411400 1.000000 1.000000 0.000000
1.412600 1.000000 1.000000 0.000000
1.413800 1.000000 1.000000 0.000000
1.415000 1.000000 1.000000 0.000000
1.416200 1.000000 1.000000 0.000000
1.417400 1.000000 1.000000 0.000000
1.418600 1.000000 1.000000 0.000000
1.419800 1.000000 1.000000 0.000000
1.421000 1.000000 1.000000 0.000000
1.422200 1.000000 1.000000 0.000000
1.423400 1.000000 1.000000 0.000000
1.424600 1.000000 1.000000 0.000000
1.425800 1.000000 1.000000 0.000000
1.427000 1.000000 1.000000 0.000000
1.428200 1.000000 1.000000 0.000000
1.429400 1.000000 1.000000 0.000000
1.430600 1.000000 1.000000 0.000000
1.431800 1.000000 1.000000 0.000000
1.433000 1.000000 1.000000 0.000000
1.434200 1.000000 1.000000 0.000000
1.435400 1.000000 1.000000 0.000000
1.436600 1.000000 1.000000 0.000000
1.437800 1.000000 1.000000 0.000000
1.439000 1.000000 1.000000 0.000000
1.440200 1.000000 1.000000 0.000000
1.441400 1.000000 1.000000 0.000000
1.442600 1.000000 1.000000 0.000000
1.443800 1.000000 1.000000 0.000000
1.445000 1.000000 1.000000 0.000000
1.446200 1.000000 1.000000 0.000000
1.447400 1.000000 1.000000 0.000000
1.448600 1.000000 1.000000 0.000000
1.449800 1.000000 1.000000 0.000000
1.451000 1.000000 1.000000 0.000000
1.452200 1.000000 1.000000 0.000000
1.453400 1.000000 1.000000 0.000000
1.454600 1.000000 1.000000 0.000000
1.455800 1.000000 1.000000 0.000000
1.457000 1.000000 1.000000 0.000000
1.458200 1.000000 1.000000 0.000000
1.459400 1.000000 1.000000 0.000000
1.460600 1.000000 1.000000 0.000000
1.461800 1.000000 1.000000 0.000000
1.463000 1.000000 1.000000 0.000000
1.464200 1.000000 1.000000 0.000000
1.465400 1.000000 1.000000 0.000000
1.466600 1.000000 1.000000 0.000000
1.467800 1.000000 1.000000 0.000000
1.469000 1.000000 1.000000 0.000000
1.470200 1.000000 1.000000 0.000000
1.471400 1.000000 1.000000 0.000000
1.472600 1.000000 1.000000 0.000000
1.473800 1.000000 1.000000 0.000000
1.475000 1.000000 1.000000 0.000000
1.476200 1.000000 1.000000 0.000000
1.477400 1.000000 1.000000 0.000000
1.478600 1.000000 1.000000 0.000000
1.479800 1.000000 1.000000 0.000000
1.481000 1.000000 1.000000 0.000000
1.482200 1.000000 1.000000 0.000000
1.483400 1.000000 1.000000 0.000000
1.484600 1.000000 1.000000 0.000000
1.485800 1.000000 1.000000 0.000000
1.487000 1.000000 1.000000 0.000000
1.488200 1.000000 1.000000 0.000000
1.489400 1.000000 1.000000 0.000000
1.490600 1.000000 1.000000 0.000000
1.491800 1.000000 1.000000 0.000000
1.493000 1.000000 1.000000 0.000000
1.494200 1.000000 1.000000 0.000000
1.495400 1.000000 1.000000 0.000000
1.496600 1.000000 0.999986 0.000000
1.497800 1.000000 0.999406 0.000000
1.499000 1.000000 0.975752 0.000000
1.500200 1.000000 0.515333 0.000000
1.501400 1.000000 0.009524 0.000000
1.502600 1.000000 0.000000 0.000000
1.503800 1.000000 0.000000 0.000000
1.505000 1.000000 0.000000 0.000000
1.506200 1.000000 0.000000 0.000000
1.507400 1.000000 0.000000 0.000000
1.508600 1.000000 0.000000 0.000000
1.509800 1.000000 0.000000 0.000000
1.511000 1.000000 0.000000 0.000000
1.512200 1.000000 0.000000 0.000000
1.513400 1.000000 0.000000 0.000000
1.514600 1.000000 0.000000 0.000000
1.515800 1.000000 0.000000 0.000000
1.517000 1.000000 0.000000 0.000000
1.518200 1.000000 0.000000 0.000000
1.519400 1.000000 0.000000 0.000000
1.520600 1.000000 0.000000 0.000000
1.521800 1.000000 0.000000 0.000000
1.523000 1.000000 0.000000 0.000000
1.524200 1.000000 0.000000 0.000000
1.525400 1.000000 0.000000 0.000000
1.526600 1.000000 0.000000 0.000000
1.527800 1.000000 0.000000 0.000000
1.529000 1.000000 0.000000 0.000000
1.530200 1.000000 0.000000 0.000000
1.531400 1.000000 0.000000 0.000000
1.532600 1.000000 0.000000 0.000000
1.533800 1.000000 0.000000 0.000000
1.535000 1.000000 0.000000 0.000000
1.536200 1.000000 0.000000 0.000000
1.537400 1.000000 0.000000 0.000000
1.538600 1.000000 0.000000 0.000000
1.539800 1.000000 0.000000 0.000000
1.541000 1.000000 0.000000 0.000000
1.542200 1.000000 0.000000 0.000000
1.543400 1.000000 0.000000 0.000000
1.544600 1.000000 0.000000 0.000000
1.545800 1.000000 0.000000 0.000000
1.547000 1.000000 0.000000 0.000000
1.548200 1.000000 0.000000 0.000000
1.549400 1.000000 0.000000 0.000000
1.550600 1.000000 0.000000 0.000000
1.551800 1.000000 0.000000 0.000000
1.553000 1.000000 0.000000 0.000000
1.554200 1.000000 0.000000 0.000000
1.555400 1.000000 0.000000 0.000000
1.556600 1.000000 0.000000 0.000000
1.557800 1.000000 0.000000 0.000000
1.559000 1.000000 0.000000 0.000000
1.560200 1.000000 0.000000 0.000000
1.561400 1.000000 0.000000 0.000000
1.562600 1.000000 0.000000 0.000000
1.563800 1.000000 0.000000 0.000000
1.565000 1.000000 0.000000 0.000000
1.566200 1.000000 0.000000 0.000000
1.567400 1.000000 0.000000 0.000000
1.568600 1.000000 0.000000 0.000000
1.569800 1.000000 0.000000 0.000000
1.571000 1.000000 0.000000 0.000000
1.572200 1.000000 0.000000 0.000000
1.573400 1.000000 0.000000 0.000000
1.574600 1.000000 0.000000 0.000000
1.575800 1.000000 0.000000 0.000000
1.577000 1.000000 0.000000 0.000000
1.578200 1.000000 0.000000 0.000000
1.579400 1.000000 0.000000 0.000000
1.580600 1.000000 0.000000 0.000000
1.581800 1.000000 0.000000 0.000000
1.583000 1.000000 0.000000 0.000000
1.584200 1.000000 0.000000 0.000000
1.585400 1.000000 0.000000 0.000000
1.586600 1.000000 0.000000 0.000000
1.587800 1.000000 0.000000 0.000000
1.589000 1.000000 0.000000 0.000000
1.590200 1.000000 0.000000 0.000000
1.591400 1.000000 0.000000 0.000000
1.592600 1.000000 0.000000 0.000000
1.593800 1.000000 0.000000 0.000000
1.595000 1.000000 0.000000 0.000000
1.596200 1.000000 0.000000 0.000000
1.597400 1.000000 0.000000 0.000000
1.598600 1.000000 0.000000 0.000000
1.599800 1.000000 0.000000 0.000000
1.601000 1.000000 0.000000 0.000000
1.602200 1.000000 0.000000 0.000000
1.603400 1.000000 0.000000 0.000000
1.604600 1.000000 0.000000 0.000000
1.605800 1.000000 0.000000 0.000000
1.607000 1.000000 0.000000 0.000000
1.608200 1.000000 0.000000 0.000000
1.609400 1.000000 0.000000 0.000000
1.610600 1.000000 0.000000 0.000000
1.611800 1.000000 0.000000 0.000000
1.613000 1.000000 0.000000 0.000000
1.614200 1.000000 0.000000 0.000000
1.615400 1.000000 0.000000 0.000000
1.616600 1.000000 0.000000 0.000000
1.617800 1.000000 0.000000 0.000000
1.619000 1.000000 0.000000 0.000000
1.620200 1.000000 0.000000 0.000000
1.621400 1.000000 0.000000 0.000000
1.622600 1.000000 0.000000 0.000000
1.623800 1.000000 0.000000 0.000000
1.625000 1.000000 0.000000 0.000000
1.626200 1.000000 0.000000 0.000000
1.627400 1.000000 0.000000 0.000000
1.628600 1.000000 0.000000 0.000000
1.629800 1.000000 0.000000 0.000000
1.631000 1.000000 0.000000 0.000000
1.632200 1.000000 0.000000 0.000000
1.633400 1.000000 0.000000 0.000000
1.634600 1.000000 0.000000 0.000000
1.635800 1.000000 0.000000 0.000000
1.637000 1.000000 0.000000 0.000000
1.638200 1.000000 0.000000 0.000000
1.639400 1.000000 0.000000 0.000000
1.640600 1.000000 0.000000 0.000000
1.641800 1.000000 0.000000 0.000000
1.643000 1.000000 0.000000 0.000000
1.644200 1.000000 0.000000 0.000000
1.645400 1.000000 0.000000 0.000000
1.646600 1.000000 0.000000 0.000000
1.647800 1.000000 0.000000 0.000000
1.649000 1.000000 0.000000 0.000000
1.650200 1.000000 0.000000 0.000000
1.651400 1.000000 0.000000 0.000000
1.652600 1.000000 0.000000 0.000000
1.653800 1.000000 0.000000 0.000000
1.655000 1.000000 0.000000 0.000000
1.656200 1.000000 0.000000 0.000000
1.657400 1.000000 0.000000 0.000000
1.658600 1.000000 0.000000 0.000000
1.659800 1.000000 0.000000 0.000000
1.661000 1.000000 0.000000 0.000000
1.662200 1.000000 0.000000 0.000000
1.663400 1.000000 0.000000 0.000000
1.664600 1.000000 0.000000 0.000000
1.665800 1.000000 0.000000 0.000000
1.667000 1.000000 0.000000 0.000000
1.668200 1.000000 0.000000 0.000000
1.669400 1.000000 0.000000 0.000000
1.670600 1.000000 0.000000 0.000000
1.671800 1.000000 0.000000 0.000000
1.673000 1.000000 0.000000 0.000000
1.674200 1.000000 0.000000 0.000000
1.675400 1.000000 0.000000 0.000000
1.676600 1.000000 0.000000 0.000000
1.677800 1.000000 0.000000 0.000000
1.679000 1.000000 0.000000 0.000000
1.680200 1.000000 0.000000 0.000000
1.681400 1.000000 0.000000 0.000000
1.682600 1.000000 0.000000 0.000000
1.683800 1.000000 0.000000 0.000000
1.685000 1.000000 0.000000 0.000000
1.686200 1.000000 0.000000 0.000000
1.687400 1.000000 0.000000 0.000000
1.688600 1.000000 0.000000 0.000000
1.689800 1.000000 0.000000 0.000000
1.691000 1.000000 0.000000 0.000000
1.692200 1.000000 0.000000 0.000000
1.693400 1.000000 0.000000 0.000000
1.694600 1.000000 0.000000 0.000000
1.695800 1.000000 0.000000 0.000000
1.697000 1.000000 0.000000 0.000000
1.698200 1.000000 0.000000 0.000000
1.699400 1.000000 0.000000 0.000000
1.700600 1.000000 0.000000 0.000000
1.701800 1.000000 0.000000 0.000000
1.703000 1.000000 0.000000 0.000000
1.704200 1.000000 0.000000 0.000000
1.705400 1.000000 0.000000 0.000000
1.706600 1.000000 0.000000 0.000000
1.707800 1.000000 0.000000 0.000000
1.709000 1.000000 0.000000 0.000000
1.710200 1.000000 0.000000 0.000000
1.711400 1.000000 0.000000 0.000000
1.712600 1.000000 0.000000 0.000000
1.713800 1.000000 0.000000 0.000000
1.715000 1.000000 0.000000 0.000000
1.716200 1.000000 0.000000 0.000000
1.717400 1.000000 0.000000 0.000000
1.718600 1.000000 0.000000 0.000000
1.719800 1.000000 0.000000 0.000000
1.721000 1.000000 0.000000 0.000000
1.722200 1.000000 0.000000 0.000000
1.723400 1.000000 0.000000 0.000000
1.724600 1.000000 0.000000 0.000000
1.725800 1.000000 0.000000 0.000000
1.727000 1.000000 0.000000 0.000000
1.728200 1.000000 0.000000 0.000000
1.729400 1.000000 0.000000 0.000000
1.730600 1.000000 0.000000 0.000000
1.731800 1.000000 0.000000 0.000000
1.733000 1.000000 0.000000 0.000000
1.734200 1.000000 0.000000 0.000000
1.735400 1.000000 0.000000 0.000000
1.736600 1.000000 0.000000 0.000000
1.737800 1.000000 0.000000 0.000000
1.739000 1.000000 0.000000 0.000000
1.740200 1.000000 0.000000 0.000000
1.741400 1.000000 0.000000 0.000000
1.742600 1.000000 0.000000 0.000000
1.743800 1.000000 0.000000 0.000000
1.745000 1.000000 0.000000 0.000000
1.746200 1.000000 0.000000 0.000000
1.747400 1.000000 0.000000 0.000000
1.748600 1.000000 0.000000 0.000000
1.749800 1.000000 0.000000 0.000000
1.751000 1.000000 0.000000 0.000000
1.752200 1.000000 0.000000 0.000000
1.753400 1.000000 0.000000 0.000000
1.754600 1.000000 0.000000 0.000000
1.755800 1.000000 0.000000 0.000000
1.757000 1.000000 0.000000 0.000000
1.758200 1.000000 0.000000 0.000000
1.759400 1.000000 0.000000 0.000000
1.760600 1.000000 0.000000 0.000000
1.761800 1.000000 0.000000 0.000000
1.763000 1.000000 0.000000 0.000000
1.764200 1.000000 0.000000 0.000000
1.765400 1.000000 0.000000 0.000000
1.766600 1.000000 0.000000 0.000000
1.767800 1.000000 0.000000 0.000000
1.769000 1.000000 0.000000 0.000000
1.770200 1.000000 0.000000 0.000000
1.771400 1.000000 0.000000 0.000000
1.772600 1.000000 0.000000 0.000000
1.773800 1.000000 0.000000 0.000000
1.775000 1.000000 0.000000 0.000000
1.776200 1.000000 0.000000 0.000000
1.777400 1.000000 0.000000 0.000000
1.778600 1.000000 0.000000 0.000000
1.779800 1.000000 0.000000 0.000000
1.781000 1.000000 0.000000 0.000000
1.782200 1.000000 0.000000 0.000000
1.783400 1.000000 0.000000 0.000000
1.784600 1.000000 0.000000 0.000000
1.785800 1.000000 0.000000 0.000000
1.787000 1.000000 0.000000 0.000000
1.788200 1.000000 0.000000 0.000000
1.789400 1.000000 0.000000 0.000000
1.790600 1.000000 0.000000 0.000000
1.791800 1.000000 0.000000 0.000000
1.793000 1.000000 0.000000 0.000000
1.794200 1.000000 0.000000 0.000000
1.795400 1.000000 0.000000 0.000000
1.796600 1.000000 0.000000 0.000000
1.797800 1.000000 0.000000 0.000000
1.799000 1.000000 0.000000 0.000000
1.800200 1.000000 0.000000 0.000000
1.801400 1.000000 0.000000 0.000000
1.802600 1.000000 0.000000 0.000000
1.803800 1.000000 0.000000 0.000000
1.805000 1.000000 0.000000 0.000000
1.806200 1.000000 0.000000 0.000000
1.807400 1.000000 0.000000 0.000000
1.808600 1.000000 0.000000 0.000000
1.809800 1.000000 0.000000 0.000000
1.811000 1.000000 0.000000 0.000000
1.812200 1.000000 0.000000 0.000000
1.813400 1.000000 0.000000 0.000000
1.814600 1.000000 0.000000 0.000000
1.815800 1.000000 0.000000 0.000000
1.817000 1.000000 0.000000 0.000000
1.818200 1.000000 0.000000 0.000000
1.819400 1.000000 0.000000 0.000000
1.820600 1.000000 0.000000 0.000000
1.821800 1.000000 0.000000 0.000000
1.823000 1.000000 0.000000 0.000000
1.824200 1.000000 0.000000 0.000000
1.825400 1.000000 0.000000 0.000000
1.826600 1.000000 0.000000 0.000000
1.827800 1.000000 0.000000 0.000000
1.829000 1.000000 0.000000 0.000000
1.830200 1.000000 0.000000 0.000000
1.831400 1.000000 0.000000 0.000000
1.832600 1.000000 0.000000 0.000000
1.833800 1.000000 0.000000 0.000000
1.835000 1.000000 0.000000 0.000000
1.836200 1.000000 0.000000 0.000000
1.837400 1.000000 0.000000 0.000000
1.838600 1.000000 0.000000 0.000000
1.839800 1.000000 0.000000 0.000000
1.841000 1.000000 0.000000 0.000000
1.842200 1.000000 0.000000 0.000000
1.843400 1.000000 0.000000 0.000000
1.844600 1.000000 0.000000 0.000000
1.845800 1.000000 0.000000 0.000000
1.847000 1.000000 0.000000 0.000000
1.848200 1.000000 0.000000 0.000000
1.849400 1.000000 0.000000 0.000000
1.850600 1.000000 0.000000 0.000000
1.851800 1.000000 0.000000 0.000000
1.853000 1.000000 0.000000 0.000000
1.854200 1.000000 0.000000 0.000000
1.855400 1.000000 0.000000 0.000000
1.856600 1.000000 0.000000 0.000000
1.857800 1.000000 0.000000 0.000000
1.859000 1.000000 0.000000 0.000000
1.860200 1.000000 0.000000 0.000000
1.861400 1.000000 0.000000 0.000000
1.862600 1.000000 0.000000 0.000000
1.863800 1.000000 0.000000 0.000000
1.865000 1.000000 0.000000 0.000000
1.866200 1.000000 0.000000 0.000000
1.867400 1.000000 0.000000 0.000000
1.868600 1.000000 0.000000 0.000000
1.869800 1.000000 0.000000 0.000000
1.871000 1.000000 0.000000 0.000000
1.872200 1.000000 0.000000 0.000000
1.873400 1.000000 0.000000 0.000000
1.874600 1.000000 0.000000 0.000000
1.875800 1.000000 0.000000 0.000000
1.877000 1.000000 0.000000 0.000000
1.878200 1.000000 0.000000 0.000000
1.879400 1.000000 0.000000 0.000000
1.880600 1.000000 0.000000 0.000000
1.881800 1.000000 0.000000 0.000000
1.883000 1.000000 0.000000 0.000000
1.884200 1.000000 0.000000 0.000000
1.885400 1.000000 0.000000 0.000000
1.886600 1.000000 0.000000 0.000000
1.887800 1.000000 0.000000 0.000000
1.889000 1.000000 0.000000 0.000000
1.890200 1.000000 0.000000 0.000000
1.891400 1.000000 0.000000 0.000000
1.892600 1.000000 0.000000 0.000000
1.893800 1.000000 0.000000 0.000000
1.895000 1.000000 0.000000 0.000000
1.896200 1.000000 0.000000 0.000000
1.897400 1.000000 0.000000 0.000000
1.898600 1.000000 0.000000 0.000000
1.899800 1.000000 0.000000 0.000000
1.901000 1.000000 0.000000 0.000000
1.902200 1.000000 0.000000 0.000000
1.903400 1.000000 0.000000 0.000000
1.904600 1.000000 0.000000 0.000000
1.905800 1.000000 0.000000 0.000000
1.907000 1.000000 0.000000 0.000000
1.908200 1.000000 0.000000 0.000000
1.909400 1.000000 0.000000 0.000000
1.910600 1.000000 0.000000 0.000000
1.911800 1.000000 0.000000 0.000000
1.913000 1.000000 0.000000 0.000000
1.914200 1.000000 0.000000 0.000000
1.915400 1.000000 0.000000 0.000000
1.916600 1.000000 0.000000 0.000000
1.917800 1.000000 0.000000 0.000000
1.919000 1.000000 0.000000 0.000000
1.920200 1.000000 0.000000 0.000000
1.921400 1.000000 0.000000 0.000000
1.922600 1.000000 0.000000 0.000000
1.923800 1.000000 0.000000 0.000000
1.925000 1.000000 0.000000 0.000000
1.926200 1.000000 0.000000 0.000000
1.927400 1.000000 0.000000 0.000000
1.928600 1.000000 0.000000 0.000000
1.929800 1.000000 0.000000 0.000000
1.931000 1.000000 0.000000 0.000000
1.932200 1.000000 0.000000 0.000000
1.933400 1.000000 0.000000 0.000000
1.934600 1.000000 0.000000 0.000000
1.935800 1.000000 0.000000 0.000000
1.937000 1.000000 0.000000 0.000000
1.938200 1.000000 0.000000 0.000000
1.939400 1.000000 0.000000 0.000000
1.940600 1.000000 0.000000 0.000000
1.941800 1.000000 0.000000 0.000000
1.943000 1.000000 0.000000 0.000000
1.944200 1.000000 0.000000 0.000000
1.945400 1.000000 0.000000 0.000000
1.946600 1.000000 0.000000 0.000000
1.947800 1.000000 0.000000 0.000000
1.949000 1.000000 0.000000 0.000000
1.950200 1.000000 0.000000 0.000000
1.951400 1.000000 0.000000 0.000000
1.952600 1.000000 0.000000 0.000000
1.953800 1.000000 0.000000 0.000000
1.955000 1.000000 0.000000 0.000000
1.956200 1.000000 0.000000 0.000000
1.957400 1.000000 0.000000 0.000000
1.958600 1.000000 0.000000 0.000000
1.959800 1.000000 0.000000 0.000000
1.961000 1.000000 0.000000 0.000000
1.962200 1.000000 0.000000 0.000000
1.963400 1.000000 0.000000 0.000000
1.964600 1.000000 0.000000 0.000000
1.965800 1.000000 0.000000 0.000000
1.967000 1.000000 0.000000 0.000000
1.968200 1.000000 0.000000 0.000000
1.969400 1.000000 0.000000 0.000000
1.970600 1.000000 0.000000 0.000000
1.971800 1.000000 0.000000 0.000000
1.973000 1.000000 0.000000 0.000000
1.974200 1.000000 0.000000 0.000000
1.975400 1.000000 0.000000 0.000000
1.976600 1.000000 0.000000 0.000000
1.977800 1.000000 0.000000 0.000000
1.979000 1.000000 0.000000 0.000000
1.980200 1.000000 0.000000 0.000000
1.981400 1.000000 0.000000 0.000000
1.982600 1.000000 0.000000 0.000000
1.983800 1.000000 0.000000 0.000000
1.985000 1.000000 0.000000 0.000000
1.986200 1.000000 0.000000 0.000000
1.987400 1.000000 0.000000 0.000000
1.988600 1.000000 0.000000 0.000000
1.989800 1.000000 0.000000 0.000000
1.991000 1.000000 0.000000 0.000000
1.992200 1.000000 0.000000 0.000000
1.993400 1.000000 0.000000 0.000000
1.994600 1.000000 0.000000 0.000000
1.995800 1.000000 0.000000 0.000000
1.997000 1.000000 0.000000 0.000000
1.998200 1.000000 0.000000 0.000000
1.999400 1.000000 0.000000 0.000000
